
TIME STEP:
160 = 0.2ms

VOLTAGE STEP:
CH1:  32 = 0.1V
CH2:  32 = 0.1V

N	CH1	CH2

0	79	135
1	79	135
2	79	135
3	79	135
4	79	135
5	79	135
6	79	135
7	80	135
8	79	135
9	79	135
10	79	135
11	79	135
12	80	135
13	80	135
14	80	135
15	79	135
16	79	135
17	79	135
18	79	135
19	80	135
20	79	135
21	79	135
22	79	135
23	79	135
24	79	135
25	79	135
26	79	135
27	79	135
28	80	135
29	80	135
30	80	135
31	79	135
32	79	135
33	79	135
34	80	135
35	79	135
36	79	135
37	79	135
38	80	135
39	79	135
40	80	135
41	79	135
42	79	135
43	78	135
44	80	135
45	80	135
46	80	135
47	80	135
48	80	135
49	80	135
50	80	135
51	80	135
52	79	135
53	80	135
54	80	135
55	80	135
56	79	135
57	80	135
58	79	135
59	80	135
60	79	135
61	79	135
62	80	135
63	79	135
64	79	135
65	79	135
66	80	135
67	79	135
68	79	135
69	79	135
70	80	135
71	79	135
72	79	135
73	80	135
74	79	135
75	80	135
76	79	135
77	79	135
78	79	135
79	79	135
80	79	135
81	79	135
82	79	135
83	79	135
84	79	135
85	79	135
86	79	135
87	79	135
88	79	135
89	79	135
90	79	135
91	80	135
92	79	135
93	79	135
94	80	135
95	80	135
96	79	135
97	79	135
98	79	135
99	80	136
100	79	135
101	79	135
102	80	135
103	80	135
104	79	135
105	80	135
106	79	135
107	79	135
108	79	135
109	79	135
110	79	135
111	80	135
112	79	135
113	79	135
114	79	135
115	79	135
116	79	135
117	78	135
118	79	135
119	79	135
120	79	135
121	80	135
122	79	135
123	79	135
124	79	135
125	79	135
126	79	135
127	80	135
128	79	135
129	79	135
130	80	135
131	79	135
132	79	135
133	79	135
134	79	135
135	79	135
136	79	135
137	79	135
138	80	135
139	79	135
140	80	136
141	79	135
142	79	135
143	79	135
144	79	135
145	79	135
146	79	135
147	79	135
148	79	135
149	80	135
150	79	135
151	79	135
152	79	135
153	79	135
154	79	135
155	79	135
156	79	135
157	79	135
158	79	135
159	79	135
160	79	135
161	79	135
162	79	135
163	79	135
164	79	135
165	79	135
166	79	135
167	79	135
168	79	135
169	79	135
170	79	135
171	79	135
172	79	135
173	79	135
174	79	135
175	79	135
176	79	135
177	79	135
178	79	135
179	79	135
180	79	135
181	79	135
182	79	135
183	79	135
184	79	135
185	79	135
186	79	135
187	79	135
188	79	135
189	79	135
190	79	135
191	78	135
192	79	135
193	79	135
194	79	135
195	79	135
196	79	135
197	79	135
198	79	135
199	79	135
200	79	135
201	79	135
202	79	135
203	79	135
204	79	135
205	79	135
206	79	135
207	79	135
208	79	135
209	79	135
210	79	135
211	79	135
212	79	135
213	79	136
214	79	135
215	79	135
216	79	135
217	79	135
218	79	135
219	79	135
220	79	135
221	79	135
222	79	135
223	79	135
224	79	135
225	79	135
226	79	135
227	79	135
228	79	135
229	79	135
230	79	135
231	79	135
232	79	135
233	79	135
234	79	135
235	79	135
236	79	135
237	79	135
238	79	135
239	79	135
240	79	135
241	79	135
242	79	135
243	79	135
244	79	135
245	79	135
246	79	135
247	79	135
248	79	135
249	79	135
250	79	135
251	79	135
252	79	135
253	79	135
254	79	135
255	79	135
256	79	135
257	79	135
258	79	135
259	79	135
260	79	135
261	79	135
262	79	135
263	79	135
264	79	135
265	78	135
266	79	135
267	79	135
268	79	135
269	79	135
270	79	135
271	79	135
272	79	135
273	79	135
274	79	135
275	79	135
276	79	135
277	79	135
278	79	135
279	79	135
280	79	135
281	79	135
282	79	135
283	79	135
284	79	135
285	79	135
286	79	135
287	79	135
288	79	135
289	79	135
290	79	135
291	79	135
292	79	135
293	79	135
294	79	135
295	79	135
296	79	135
297	79	135
298	79	135
299	79	135
300	79	135
301	79	135
302	79	135
303	79	135
304	79	135
305	79	135
306	79	135
307	79	135
308	79	135
309	79	135
310	79	135
311	79	135
312	79	135
313	79	135
314	79	135
315	79	135
316	79	135
317	79	135
318	79	135
319	79	135
320	79	135
321	79	135
322	79	135
323	79	135
324	79	135
325	79	135
326	79	135
327	79	135
328	79	135
329	79	135
330	79	135
331	79	135
332	79	135
333	79	135
334	79	135
335	79	135
336	79	135
337	79	135
338	79	135
339	78	135
340	79	135
341	79	135
342	79	135
343	79	135
344	79	135
345	79	135
346	79	135
347	79	135
348	79	135
349	79	135
350	79	135
351	79	135
352	79	135
353	79	135
354	79	135
355	79	135
356	79	135
357	79	135
358	79	135
359	78	135
360	79	135
361	79	135
362	79	135
363	79	135
364	79	135
365	79	135
366	79	135
367	79	135
368	79	135
369	79	135
370	79	135
371	79	135
372	79	135
373	79	135
374	79	135
375	79	135
376	79	135
377	79	135
378	79	135
379	79	135
380	79	135
381	79	135
382	79	135
383	79	135
384	79	135
385	79	135
386	79	135
387	79	135
388	79	135
389	79	135
390	79	135
391	79	135
392	78	135
393	79	135
394	79	135
395	79	135
396	78	135
397	79	135
398	79	135
399	79	135
400	79	135
401	79	135
402	79	135
403	79	135
404	79	135
405	79	135
406	79	135
407	79	135
408	79	135
409	79	135
410	79	135
411	79	135
412	79	135
413	78	135
414	79	135
415	79	135
416	79	135
417	79	135
418	79	135
419	79	135
420	79	135
421	79	135
422	79	135
423	79	135
424	79	135
425	79	135
426	79	135
427	79	135
428	79	135
429	79	135
430	79	135
431	79	135
432	79	135
433	79	135
434	79	135
435	79	135
436	79	135
437	79	135
438	79	135
439	79	135
440	79	135
441	79	135
442	79	135
443	79	135
444	79	135
445	79	135
446	78	135
447	79	135
448	79	135
449	79	135
450	79	135
451	79	135
452	79	135
453	79	135
454	78	135
455	79	135
456	79	135
457	79	135
458	79	135
459	78	135
460	79	135
461	79	135
462	78	135
463	79	135
464	79	135
465	78	135
466	79	135
467	79	135
468	79	135
469	79	135
470	79	135
471	79	135
472	79	135
473	78	135
474	79	135
475	79	135
476	79	135
477	78	135
478	79	135
479	79	135
480	79	135
481	79	135
482	79	135
483	79	135
484	79	135
485	79	135
486	79	135
487	77	135
488	79	135
489	79	135
490	79	135
491	78	135
492	79	135
493	79	135
494	79	135
495	79	135
496	79	135
497	78	135
498	78	135
499	79	135
500	78	135
501	79	135
502	78	135
503	79	135
504	78	135
505	79	135
506	79	135
507	79	135
508	78	135
509	79	135
510	79	135
511	79	135
512	79	135
513	78	135
514	78	135
515	79	135
516	79	135
517	78	135
518	78	135
519	78	135
520	78	135
521	79	135
522	78	135
523	78	135
524	79	135
525	78	135
526	79	135
527	78	135
528	78	135
529	78	135
530	78	135
531	78	135
532	78	135
533	78	135
534	78	135
535	78	135
536	79	135
537	78	135
538	79	135
539	78	135
540	78	135
541	78	135
542	79	135
543	78	135
544	78	135
545	78	135
546	78	135
547	78	135
548	78	135
549	78	135
550	78	135
551	78	135
552	78	135
553	78	135
554	78	135
555	78	135
556	78	135
557	78	135
558	79	135
559	78	135
560	78	135
561	77	134
562	78	135
563	78	135
564	78	135
565	78	135
566	78	135
567	78	135
568	78	135
569	78	134
570	79	135
571	78	135
572	78	135
573	79	135
574	78	135
575	78	135
576	78	135
577	78	135
578	78	135
579	78	135
580	78	135
581	78	135
582	78	135
583	78	135
584	78	135
585	78	135
586	78	135
587	78	135
588	78	135
589	78	135
590	78	135
591	78	135
592	78	135
593	78	135
594	78	135
595	78	135
596	78	135
597	78	135
598	78	135
599	78	135
600	78	135
601	78	135
602	78	135
603	78	135
604	78	135
605	78	135
606	78	135
607	78	135
608	78	135
609	78	135
610	78	135
611	78	135
612	78	135
613	78	135
614	78	135
615	78	135
616	78	135
617	78	135
618	78	135
619	78	134
620	78	135
621	78	135
622	78	135
623	78	135
624	78	135
625	78	135
626	78	135
627	78	135
628	78	135
629	78	135
630	78	135
631	78	135
632	78	135
633	78	135
634	78	135
635	77	134
636	78	135
637	78	135
638	78	135
639	78	134
640	78	135
641	78	135
642	78	135
643	78	135
644	78	135
645	78	135
646	78	135
647	78	135
648	78	135
649	78	135
650	78	135
651	78	135
652	78	135
653	78	135
654	78	134
655	78	135
656	78	135
657	78	135
658	78	135
659	78	135
660	78	135
661	78	135
662	78	135
663	78	135
664	78	135
665	78	135
666	78	135
667	78	135
668	78	135
669	78	135
670	78	135
671	78	135
672	78	135
673	78	135
674	78	135
675	78	135
676	78	135
677	78	135
678	78	135
679	78	135
680	78	135
681	78	135
682	78	135
683	78	135
684	78	135
685	78	135
686	78	135
687	78	135
688	78	135
689	78	135
690	78	135
691	78	135
692	78	134
693	78	135
694	78	135
695	78	135
696	78	135
697	78	135
698	78	135
699	78	135
700	78	135
701	78	135
702	78	135
703	78	134
704	78	134
705	78	135
706	78	135
707	78	135
708	78	135
709	77	134
710	78	135
711	78	135
712	78	135
713	78	135
714	78	135
715	78	135
716	78	134
717	78	135
718	78	135
719	78	135
720	78	135
721	78	134
722	78	135
723	78	135
724	78	135
725	78	135
726	78	135
727	78	135
728	78	135
729	78	135
730	78	135
731	78	135
732	78	135
733	78	135
734	78	135
735	78	134
736	78	135
737	78	135
738	78	134
739	78	135
740	78	134
741	78	135
742	78	134
743	78	135
744	78	134
745	78	134
746	78	135
747	78	135
748	78	134
749	78	135
750	78	135
751	78	134
752	78	134
753	78	135
754	78	135
755	78	135
756	78	135
757	78	134
758	78	135
759	78	135
760	78	135
761	78	135
762	78	134
763	78	134
764	78	135
765	78	135
766	78	135
767	78	135
768	78	134
769	78	135
770	78	135
771	78	134
772	78	134
773	78	135
774	78	135
775	78	135
776	78	134
777	78	135
778	78	135
779	78	135
780	78	135
781	78	134
782	78	135
783	77	134
784	78	135
785	78	135
786	78	135
787	78	135
788	78	135
789	78	135
790	78	134
791	78	135
792	78	135
793	78	134
794	78	135
795	78	135
796	78	135
797	78	134
798	78	134
799	78	135
800	78	135
801	78	135
802	78	135
803	78	135
804	78	135
805	78	135
806	78	135
807	78	135
808	78	135
809	78	135
810	78	135
811	78	134
812	78	134
813	78	135
814	78	135
815	78	135
816	78	134
817	78	135
818	78	134
819	78	135
820	78	135
821	78	134
822	78	135
823	78	135
824	78	135
825	78	134
826	78	134
827	78	134
828	78	135
829	78	134
830	78	135
831	78	134
832	78	134
833	78	135
834	78	134
835	78	135
836	78	134
837	78	135
838	78	135
839	78	134
840	78	134
841	78	134
842	78	134
843	78	135
844	78	134
845	78	134
846	78	135
847	78	135
848	78	135
849	78	135
850	78	135
851	78	134
852	78	134
853	78	134
854	78	134
855	78	135
856	78	134
857	77	134
858	78	134
859	78	134
860	78	135
861	78	135
862	78	134
863	78	135
864	78	135
865	78	135
866	78	134
867	78	134
868	78	135
869	78	135
870	78	135
871	78	134
872	78	135
873	78	134
874	78	134
875	78	134
876	78	135
877	78	134
878	78	134
879	78	135
880	78	134
881	78	134
882	78	134
883	78	135
884	78	135
885	78	135
886	78	135
887	78	135
888	78	135
889	78	134
890	78	134
891	78	135
892	78	135
893	78	134
894	78	135
895	78	135
896	77	134
897	78	134
898	78	135
899	78	135
900	78	135
901	78	134
902	78	135
903	78	135
904	78	134
905	78	134
906	78	134
907	78	134
908	78	135
909	78	135
910	78	135
911	78	134
912	78	135
913	78	135
914	78	134
915	78	135
916	78	135
917	78	135
918	78	135
919	78	135
920	78	134
921	78	135
922	78	134
923	78	134
924	78	135
925	78	135
926	78	135
927	78	134
928	78	135
929	78	135
930	78	134
931	77	134
932	78	135
933	78	135
934	78	134
935	78	135
936	78	135
937	78	135
938	78	135
939	78	135
940	78	135
941	78	135
942	78	134
943	78	134
944	78	135
945	78	135
946	78	135
947	78	134
948	78	135
949	78	135
950	78	134
951	78	135
952	78	135
953	78	135
954	78	134
955	78	134
956	78	135
957	78	135
958	78	134
959	78	134
960	78	134
961	78	135
962	78	135
963	78	135
964	78	134
965	78	135
966	78	135
967	78	135
968	79	134
969	78	135
970	78	135
971	78	134
972	78	135
973	78	134
974	78	135
975	78	134
976	78	134
977	78	135
978	78	134
979	78	135
980	78	134
981	78	134
982	77	134
983	77	135
984	77	134
985	77	134
986	77	135
987	77	134
988	77	134
989	77	134
990	77	134
991	77	135
992	77	134
993	77	134
994	77	134
995	77	134
996	77	134
997	77	135
998	77	135
999	78	134
1000	78	134
1001	79	134
1002	79	135
1003	80	135
1004	80	135
1005	80	134
1006	82	134
1007	82	135
1008	83	134
1009	85	135
1010	85	134
1011	87	135
1012	88	135
1013	89	134
1014	90	134
1015	92	135
1016	93	134
1017	94	134
1018	95	134
1019	97	135
1020	97	134
1021	99	135
1022	100	135
1023	102	135
1024	103	135
1025	104	134
1026	105	134
1027	106	135
1028	107	134
1029	109	135
1030	110	135
1031	111	135
1032	112	135
1033	113	135
1034	114	134
1035	115	135
1036	116	135
1037	117	135
1038	118	134
1039	119	134
1040	121	135
1041	122	135
1042	123	135
1043	124	135
1044	125	134
1045	126	135
1046	127	135
1047	129	135
1048	129	134
1049	131	135
1050	132	135
1051	133	135
1052	134	135
1053	135	135
1054	136	134
1055	137	135
1056	138	135
1057	139	135
1058	139	134
1059	141	135
1060	141	135
1061	141	135
1062	142	135
1063	142	135
1064	143	135
1065	143	135
1066	143	135
1067	143	135
1068	143	135
1069	143	135
1070	142	135
1071	142	135
1072	141	134
1073	141	134
1074	140	135
1075	139	135
1076	138	135
1077	137	135
1078	136	135
1079	134	135
1080	134	135
1081	133	135
1082	132	135
1083	130	135
1084	129	135
1085	127	135
1086	126	135
1087	124	135
1088	122	135
1089	121	134
1090	119	135
1091	117	135
1092	115	135
1093	114	135
1094	112	135
1095	110	134
1096	109	135
1097	107	135
1098	106	135
1099	104	134
1100	102	135
1101	100	134
1102	99	135
1103	97	134
1104	95	135
1105	94	134
1106	92	135
1107	90	134
1108	89	135
1109	87	135
1110	85	135
1111	83	135
1112	82	135
1113	80	135
1114	79	135
1115	77	135
1116	76	134
1117	74	135
1118	73	134
1119	72	135
1120	70	135
1121	69	134
1122	68	135
1123	67	135
1124	65	134
1125	64	135
1126	63	135
1127	62	134
1128	61	134
1129	60	134
1130	59	135
1131	58	134
1132	57	134
1133	57	135
1134	55	134
1135	55	134
1136	54	135
1137	53	134
1138	53	135
1139	52	134
1140	52	135
1141	52	135
1142	51	134
1143	51	135
1144	51	134
1145	51	135
1146	51	135
1147	51	135
1148	52	135
1149	52	135
1150	52	134
1151	53	134
1152	53	135
1153	53	134
1154	55	134
1155	55	135
1156	56	135
1157	57	135
1158	58	135
1159	59	135
1160	60	134
1161	61	135
1162	62	135
1163	63	135
1164	64	135
1165	64	134
1166	65	134
1167	66	135
1168	67	135
1169	68	135
1170	69	135
1171	70	135
1172	71	134
1173	71	134
1174	72	135
1175	73	135
1176	74	134
1177	74	135
1178	75	135
1179	76	135
1180	77	135
1181	77	135
1182	78	135
1183	79	135
1184	79	135
1185	80	135
1186	81	135
1187	82	135
1188	82	135
1189	83	135
1190	84	135
1191	84	135
1192	85	135
1193	86	135
1194	87	135
1195	87	135
1196	88	134
1197	89	134
1198	90	135
1199	90	135
1200	91	134
1201	92	135
1202	92	134
1203	93	134
1204	94	135
1205	94	135
1206	95	134
1207	95	135
1208	96	135
1209	96	135
1210	96	135
1211	96	135
1212	96	135
1213	96	134
1214	96	135
1215	96	135
1216	96	135
1217	96	135
1218	96	135
1219	95	135
1220	95	135
1221	94	134
1222	94	135
1223	94	135
1224	93	134
1225	92	134
1226	91	135
1227	90	134
1228	90	135
1229	90	135
1230	89	135
1231	88	134
1232	87	135
1233	87	135
1234	86	134
1235	85	135
1236	85	135
1237	84	134
1238	83	134
1239	83	134
1240	82	135
1241	82	135
1242	82	135
1243	81	135
1244	81	134
1245	80	135
1246	80	135
1247	79	135
1248	78	135
1249	78	135
1250	77	135
1251	76	135
1252	76	135
1253	75	135
1254	74	134
1255	73	134
1256	72	135
1257	70	135
1258	69	135
1259	67	134
1260	66	135
1261	64	135
1262	63	135
1263	62	135
1264	60	135
1265	58	135
1266	56	135
1267	55	135
1268	53	134
1269	51	134
1270	50	134
1271	48	135
1272	47	134
1273	46	134
1274	45	134
1275	44	135
1276	43	134
1277	42	135
1278	41	134
1279	41	134
1280	41	134
1281	40	134
1282	40	134
1283	40	134
1284	40	135
1285	41	134
1286	41	134
1287	41	134
1288	42	135
1289	42	134
1290	43	135
1291	44	135
1292	45	134
1293	45	134
1294	46	134
1295	47	135
1296	48	134
1297	48	134
1298	49	134
1299	50	135
1300	50	135
1301	50	134
1302	52	135
1303	52	135
1304	53	135
1305	53	135
1306	54	135
1307	54	135
1308	55	135
1309	55	135
1310	56	135
1311	56	135
1312	57	134
1313	58	135
1314	58	134
1315	59	134
1316	60	134
1317	61	134
1318	62	135
1319	63	135
1320	64	135
1321	65	135
1322	67	135
1323	68	135
1324	70	135
1325	71	135
1326	73	135
1327	74	134
1328	76	135
1329	77	135
1330	79	135
1331	81	134
1332	82	134
1333	84	135
1334	86	135
1335	87	134
1336	89	135
1337	91	135
1338	92	135
1339	94	135
1340	94	134
1341	95	135
1342	96	135
1343	97	135
1344	98	135
1345	98	135
1346	99	135
1347	99	135
1348	99	135
1349	100	134
1350	100	134
1351	100	135
1352	100	135
1353	100	135
1354	99	135
1355	99	135
1356	99	135
1357	98	135
1358	98	135
1359	98	135
1360	97	135
1361	97	135
1362	97	134
1363	97	135
1364	96	134
1365	96	135
1366	95	135
1367	95	135
1368	95	135
1369	95	135
1370	94	135
1371	94	135
1372	94	135
1373	94	135
1374	93	135
1375	92	134
1376	92	135
1377	92	135
1378	91	135
1379	91	135
1380	91	135
1381	90	135
1382	89	135
1383	89	135
1384	88	135
1385	87	135
1386	86	135
1387	86	135
1388	85	135
1389	85	135
1390	83	134
1391	83	135
1392	82	135
1393	81	135
1394	81	135
1395	79	135
1396	79	135
1397	78	135
1398	77	135
1399	77	135
1400	76	135
1401	75	135
1402	75	135
1403	74	135
1404	73	135
1405	73	135
1406	73	135
1407	72	135
1408	72	135
1409	71	135
1410	71	134
1411	70	135
1412	70	135
1413	70	135
1414	70	135
1415	70	135
1416	69	135
1417	69	135
1418	68	135
1419	68	135
1420	68	135
1421	67	135
1422	67	135
1423	67	135
1424	66	134
1425	65	135
1426	65	135
1427	64	135
1428	64	135
1429	63	135
1430	62	135
1431	62	135
1432	61	135
1433	60	135
1434	60	135
1435	59	135
1436	58	135
1437	58	135
1438	57	135
1439	56	135
1440	56	135
1441	56	135
1442	55	135
1443	55	135
1444	55	135
1445	55	135
1446	55	135
1447	55	135
1448	55	135
1449	54	135
1450	55	135
1451	55	135
1452	55	135
1453	55	135
1454	56	135
1455	56	135
1456	56	134
1457	57	135
1458	57	135
1459	57	135
1460	58	135
1461	58	135
1462	58	135
1463	59	135
1464	59	135
1465	59	135
1466	60	135
1467	60	135
1468	61	135
1469	61	135
1470	61	135
1471	61	135
1472	61	135
1473	62	135
1474	62	135
1475	62	135
1476	62	135
1477	63	135
1478	63	134
1479	64	135
1480	64	135
1481	65	135
1482	65	135
1483	65	135
1484	66	135
1485	66	135
1486	67	135
1487	67	135
1488	68	135
1489	69	135
1490	70	135
1491	70	135
1492	71	135
1493	72	135
1494	72	135
1495	73	135
1496	74	135
1497	75	135
1498	75	135
1499	77	135
1500	77	135
1501	78	135
1502	79	135
1503	80	135
1504	81	135
1505	82	135
1506	82	135
1507	84	135
1508	85	135
1509	85	135
1510	86	135
1511	87	135
1512	88	135
1513	89	135
1514	90	135
1515	90	135
1516	91	135
1517	92	135
1518	93	135
1519	93	135
1520	94	135
1521	94	135
1522	95	135
1523	94	135
1524	96	135
1525	97	135
1526	97	135
1527	97	135
1528	98	135
1529	99	135
1530	99	135
1531	100	135
1532	100	135
1533	101	135
1534	102	135
1535	102	135
1536	103	135
1537	104	135
1538	105	135
1539	106	135
1540	106	135
1541	107	135
1542	108	135
1543	109	135
1544	110	135
1545	111	135
1546	111	135
1547	112	135
1548	113	135
1549	114	135
1550	115	135
1551	116	135
1552	116	135
1553	117	135
1554	118	135
1555	119	135
1556	119	135
1557	120	135
1558	121	135
1559	121	135
1560	122	135
1561	123	135
1562	123	135
1563	124	135
1564	124	135
1565	124	135
1566	125	135
1567	125	135
1568	126	135
1569	126	135
1570	126	135
1571	126	135
1572	127	135
1573	127	135
1574	127	135
1575	127	135
1576	127	135
1577	127	135
1578	127	135
1579	127	135
1580	127	135
1581	127	135
1582	127	135
1583	126	135
1584	126	135
1585	125	135
1586	125	135
1587	124	135
1588	123	135
1589	123	135
1590	122	135
1591	121	135
1592	119	135
1593	118	135
1594	117	135
1595	116	135
1596	114	135
1597	112	135
1598	111	135
1599	110	135
1600	108	135
1601	107	135
1602	105	135
1603	103	135
1604	101	135
1605	100	135
1606	97	135
1607	96	135
1608	94	135
1609	92	135
1610	90	135
1611	89	135
1612	87	135
1613	85	135
1614	83	135
1615	81	135
1616	79	135
1617	77	135
1618	75	135
1619	73	135
1620	72	135
1621	70	135
1622	69	135
1623	67	135
1624	65	135
1625	63	135
1626	62	135
1627	60	135
1628	58	135
1629	57	135
1630	55	135
1631	53	135
1632	51	135
1633	50	135
1634	49	135
1635	48	135
1636	46	135
1637	45	135
1638	44	135
1639	43	135
1640	42	135
1641	41	135
1642	40	135
1643	40	135
1644	39	135
1645	39	135
1646	38	135
1647	38	135
1648	37	135
1649	37	135
1650	37	135
1651	38	135
1652	38	135
1653	38	135
1654	38	135
1655	38	135
1656	39	135
1657	40	135
1658	40	135
1659	41	135
1660	42	135
1661	43	135
1662	44	135
1663	45	135
1664	46	135
1665	47	135
1666	49	135
1667	50	135
1668	51	135
1669	53	135
1670	55	135
1671	56	135
1672	59	135
1673	60	135
1674	62	135
1675	64	135
1676	66	135
1677	68	135
1678	70	135
1679	72	135
1680	74	135
1681	76	135
1682	79	135
1683	81	135
1684	83	135
1685	85	135
1686	87	135
1687	89	135
1688	92	135
1689	94	135
1690	96	135
1691	97	135
1692	99	135
1693	102	135
1694	103	135
1695	105	135
1696	106	135
1697	108	135
1698	109	135
1699	111	135
1700	113	135
1701	114	135
1702	115	135
1703	116	135
1704	117	135
1705	119	135
1706	120	135
1707	121	135
1708	122	135
1709	122	135
1710	123	135
1711	124	135
1712	125	135
1713	125	135
1714	126	135
1715	126	135
1716	127	135
1717	127	135
1718	128	135
1719	128	135
1720	128	135
1721	128	135
1722	128	135
1723	128	135
1724	128	135
1725	128	135
1726	128	135
1727	128	135
1728	128	135
1729	127	135
1730	127	135
1731	127	136
1732	126	135
1733	126	135
1734	125	135
1735	124	135
1736	124	135
1737	123	135
1738	122	135
1739	121	135
1740	121	135
1741	120	135
1742	119	135
1743	118	135
1744	117	135
1745	115	135
1746	116	136
1747	115	136
1748	114	135
1749	113	136
1750	112	135
1751	111	135
1752	111	135
1753	110	135
1754	109	135
1755	108	135
1756	107	135
1757	106	135
1758	106	135
1759	105	135
1760	104	135
1761	103	135
1762	103	135
1763	102	135
1764	101	135
1765	100	135
1766	99	135
1767	99	135
1768	98	135
1769	97	135
1770	97	135
1771	96	135
1772	95	135
1773	95	135
1774	94	135
1775	94	135
1776	94	136
1777	93	135
1778	92	135
1779	92	135
1780	91	135
1781	91	135
1782	90	135
1783	90	135
1784	89	135
1785	89	135
1786	88	135
1787	88	135
1788	87	135
1789	86	135
1790	86	135
1791	85	135
1792	85	135
1793	84	135
1794	83	135
1795	82	135
1796	82	135
1797	81	135
1798	81	135
1799	80	135
1800	79	135
1801	79	135
1802	78	135
1803	78	135
1804	77	135
1805	77	135
1806	76	135
1807	76	135
1808	75	135
1809	75	135
1810	74	135
1811	74	135
1812	74	135
1813	74	135
1814	73	135
1815	73	135
1816	73	135
1817	73	135
1818	73	135
1819	71	135
1820	72	135
1821	72	135
1822	71	135
1823	71	135
1824	71	135
1825	71	135
1826	70	135
1827	70	135
1828	70	135
1829	70	135
1830	69	135
1831	69	135
1832	69	135
1833	69	135
1834	68	135
1835	68	135
1836	68	135
1837	68	136
1838	68	135
1839	68	135
1840	68	135
1841	68	135
1842	68	135
1843	69	135
1844	69	135
1845	70	136
1846	70	135
1847	71	135
1848	71	135
1849	72	135
1850	72	135
1851	73	135
1852	73	135
1853	74	135
1854	75	136
1855	76	135
1856	76	135
1857	77	135
1858	77	135
1859	78	136
1860	79	136
1861	79	135
1862	80	135
1863	81	135
1864	81	136
1865	82	135
1866	82	136
1867	82	135
1868	82	135
1869	83	135
1870	83	135
1871	84	135
1872	84	135
1873	85	136
1874	85	135
1875	85	135
1876	86	135
1877	86	135
1878	87	135
1879	87	135
1880	88	135
1881	88	135
1882	89	136
1883	90	135
1884	90	135
1885	90	135
1886	91	135
1887	92	136
1888	92	136
1889	92	135
1890	93	135
1891	93	136
1892	94	135
1893	93	135
1894	94	135
1895	94	136
1896	94	135
1897	94	135
1898	94	136
1899	94	135
1900	94	135
1901	94	136
1902	93	135
1903	93	136
1904	93	136
1905	92	135
1906	92	136
1907	91	136
1908	91	135
1909	90	135
1910	90	136
1911	89	136
1912	88	135
1913	88	135
1914	87	136
1915	87	135
1916	87	136
1917	86	135
1918	86	135
1919	85	136
1920	85	136
1921	85	135
1922	85	135
1923	84	135
1924	84	136
1925	84	135
1926	84	135
1927	84	135
1928	83	135
1929	83	136
1930	83	135
1931	83	136
1932	83	136
1933	83	135
1934	83	136
1935	82	136
1936	82	136
1937	82	135
1938	82	135
1939	82	136
1940	81	135
1941	81	136
1942	81	136
1943	80	136
1944	80	135
1945	80	136
1946	79	135
1947	79	136
1948	78	136
1949	78	136
1950	78	135
1951	77	135
1952	77	136
1953	77	135
1954	77	136
1955	76	135
1956	76	135
1957	76	135
1958	75	135
1959	75	136
1960	75	136
1961	75	136
1962	75	135
1963	75	136
1964	75	136
1965	75	136
1966	75	136
1967	74	135
1968	76	135
1969	76	136
1970	76	136
1971	76	136
1972	76	135
1973	76	135
1974	77	135
1975	77	136
1976	77	135
1977	77	136
1978	77	136
1979	76	136
1980	76	135
1981	76	135
1982	76	135
1983	76	136
1984	75	135
1985	75	135
1986	75	135
1987	74	136
1988	74	136
1989	74	135
1990	74	136
1991	73	136
1992	73	136
1993	73	136
1994	73	136
1995	73	136
1996	73	135
1997	73	136
1998	73	136
1999	73	136
2000	73	135
2001	73	135
2002	73	135
2003	73	135
2004	74	135
2005	74	135
2006	75	136
2007	75	135
2008	76	136
2009	76	136
2010	77	136
2011	77	135
2012	77	136
2013	78	136
2014	78	136
2015	78	135
2016	79	135
2017	79	136
2018	79	135
2019	79	136
2020	79	135
2021	79	135
2022	80	136
2023	79	135
2024	79	136
2025	79	135
2026	79	136
2027	79	135
2028	78	135
2029	78	136
2030	78	135
2031	77	135
2032	77	136
2033	77	136
2034	77	135
2035	77	136
2036	77	135
2037	77	136
2038	77	136
2039	77	135
2040	77	136
2041	77	135
2042	78	135
2043	78	135
2044	78	135
2045	79	136
2046	79	135
2047	80	136
2048	80	136
2049	80	136
2050	81	135
2051	81	136
2052	81	136
2053	82	136
2054	82	136
2055	82	136
2056	82	136
2057	82	136
2058	82	136
2059	81	136
2060	81	135
2061	81	136
2062	80	136
2063	80	136
2064	79	136
2065	78	135
2066	78	136
2067	77	136
2068	77	135
2069	76	136
2070	75	136
2071	75	136
2072	74	136
2073	73	136
2074	73	135
2075	72	135
2076	72	135
2077	72	135
2078	71	135
2079	71	135
2080	71	136
2081	71	135
2082	71	135
2083	71	136
2084	71	136
2085	71	135
2086	71	135
2087	72	135
2088	71	135
2089	71	135
2090	72	135
2091	72	135
2092	72	135
2093	72	135
2094	72	135
2095	72	136
2096	71	136
2097	71	136
2098	71	136
2099	71	136
2100	70	135
2101	70	136
2102	69	135
2103	69	136
2104	68	135
2105	68	136
2106	67	135
2107	66	135
2108	66	135
2109	65	135
2110	65	136
2111	64	136
2112	64	136
2113	63	135
2114	63	135
2115	62	135
2116	63	136
2117	63	136
2118	63	135
2119	63	136
2120	63	136
2121	63	136
2122	64	136
2123	64	136
2124	65	136
2125	65	136
2126	65	135
2127	66	136
2128	67	136
2129	67	136
2130	67	136
2131	68	136
2132	68	136
2133	69	135
2134	69	135
2135	69	135
2136	69	135
2137	70	136
2138	70	136
2139	70	135
2140	70	136
2141	70	135
2142	69	136
2143	69	136
2144	69	135
2145	69	136
2146	68	136
2147	68	136
2148	67	135
2149	67	135
2150	67	135
2151	67	135
2152	67	135
2153	66	135
2154	66	135
2155	66	136
2156	66	135
2157	66	135
2158	67	136
2159	66	135
2160	67	135
2161	67	135
2162	67	135
2163	68	136
2164	68	135
2165	69	135
2166	69	136
2167	70	135
2168	70	135
2169	71	136
2170	71	135
2171	72	135
2172	72	135
2173	73	135
2174	73	136
2175	74	136
2176	74	136
2177	74	135
2178	74	135
2179	75	136
2180	75	135
2181	75	135
2182	75	135
2183	75	135
2184	75	135
2185	75	135
2186	75	136
2187	74	135
2188	74	136
2189	73	135
2190	74	136
2191	74	136
2192	73	136
2193	73	136
2194	73	135
2195	73	135
2196	73	136
2197	72	135
2198	72	135
2199	72	136
2200	72	136
2201	72	135
2202	72	135
2203	72	135
2204	72	135
2205	72	135
2206	72	136
2207	73	136
2208	73	136
2209	73	136
2210	73	136
2211	73	136
2212	73	135
2213	73	136
2214	73	135
2215	73	136
2216	73	135
2217	73	135
2218	73	135
2219	73	135
2220	73	136
2221	73	135
2222	72	135
2223	72	136
2224	71	135
2225	71	135
2226	71	135
2227	70	135
2228	70	135
2229	70	136
2230	69	135
2231	69	135
2232	68	135
2233	68	135
2234	67	135
2235	67	135
2236	66	135
2237	66	135
2238	66	135
2239	66	136
2240	66	136
2241	65	136
2242	65	135
2243	65	136
2244	65	136
2245	65	135
2246	66	135
2247	66	135
2248	66	135
2249	66	135
2250	67	135
2251	67	135
2252	67	135
2253	67	135
2254	68	135
2255	68	135
2256	69	136
2257	69	135
2258	69	135
2259	70	135
2260	70	136
2261	71	136
2262	71	136
2263	70	135
2264	71	135
2265	72	136
2266	72	135
2267	72	135
2268	73	136
2269	73	135
2270	73	136
2271	73	135
2272	73	135
2273	74	136
2274	74	136
2275	74	135
2276	75	136
2277	75	136
2278	75	136
2279	76	135
2280	76	135
2281	77	135
2282	77	135
2283	78	135
2284	78	135
2285	79	135
2286	79	135
2287	80	136
2288	81	136
2289	82	135
2290	82	135
2291	84	135
2292	84	136
2293	85	135
2294	86	136
2295	87	136
2296	88	135
2297	89	135
2298	90	136
2299	90	135
2300	91	135
2301	92	135
2302	93	135
2303	93	135
2304	94	136
2305	94	136
2306	95	135
2307	95	135
2308	96	135
2309	96	135
2310	96	135
2311	97	135
2312	97	135
2313	97	136
2314	97	135
2315	97	135
2316	97	136
2317	98	135
2318	98	135
2319	98	135
2320	98	136
2321	98	135
2322	98	135
2323	98	136
2324	98	136
2325	98	136
2326	98	135
2327	98	135
2328	98	135
2329	98	135
2330	98	135
2331	98	135
2332	98	136
2333	98	135
2334	98	135
2335	98	135
2336	98	135
2337	97	135
2338	99	136
2339	99	135
2340	99	136
2341	98	135
2342	99	136
2343	99	135
2344	98	135
2345	98	135
2346	98	135
2347	98	136
2348	98	135
2349	98	135
2350	98	136
2351	97	136
2352	97	135
2353	97	135
2354	97	136
2355	96	135
2356	96	136
2357	95	135
2358	95	135
2359	94	135
2360	94	135
2361	94	136
2362	93	135
2363	92	135
2364	92	136
2365	91	135
2366	90	135
2367	90	135
2368	89	135
2369	88	135
2370	88	135
2371	87	136
2372	87	135
2373	86	135
2374	85	136
2375	85	135
2376	84	135
2377	84	135
2378	83	135
2379	83	136
2380	83	135
2381	82	135
2382	82	136
2383	82	135
2384	81	135
2385	81	135
2386	81	135
2387	80	135
2388	80	135
2389	80	135
2390	79	135
2391	79	135
2392	78	135
2393	78	136
2394	78	135
2395	78	135
2396	77	135
2397	77	135
2398	77	136
2399	76	135
2400	76	135
2401	76	135
2402	75	135
2403	75	135
2404	75	135
2405	75	135
2406	74	135
2407	74	135
2408	74	135
2409	74	135
2410	74	135
2411	72	135
2412	73	135
2413	73	135
2414	73	136
2415	73	136
2416	73	135
2417	73	136
2418	73	135
2419	73	135
2420	73	135
2421	73	135
2422	74	135
2423	74	135
2424	74	135
2425	74	136
2426	75	135
2427	75	135
2428	75	135
2429	76	136
2430	77	135
2431	77	135
2432	77	135
2433	78	136
2434	78	135
2435	78	135
2436	79	135
2437	79	135
2438	80	135
2439	80	135
2440	81	135
2441	81	135
2442	81	135
2443	82	135
2444	82	135
2445	82	135
2446	83	135
2447	83	135
2448	84	136
2449	84	135
2450	84	135
2451	85	136
2452	85	135
2453	85	135
2454	85	135
2455	85	135
2456	86	136
2457	86	135
2458	86	135
2459	86	136
2460	86	136
2461	86	135
2462	86	135
2463	87	136
2464	87	136
2465	87	135
2466	87	135
2467	87	135
2468	87	136
2469	88	135
2470	88	135
2471	88	135
2472	88	135
2473	88	135
2474	88	135
2475	88	135
2476	88	135
2477	88	135
2478	88	135
2479	88	135
2480	88	135
2481	88	135
2482	87	135
2483	87	135
2484	87	135
2485	86	135
2486	86	135
2487	86	135
2488	85	135
2489	85	135
2490	84	135
2491	83	135
2492	82	135
2493	82	135
2494	81	135
2495	81	135
2496	80	135
2497	79	135
2498	78	135
2499	78	135
2500	77	135
2501	76	135
2502	76	135
2503	75	135
2504	75	135
2505	74	135
2506	74	135
2507	73	135
2508	73	135
2509	73	135
2510	72	135
2511	72	135
2512	72	135
2513	72	135
2514	71	135
2515	71	135
2516	71	135
2517	71	135
2518	71	135
2519	71	135
2520	71	135
2521	71	135
2522	71	135
2523	71	135
2524	71	135
2525	71	136
2526	71	135
2527	71	135
2528	71	135
2529	71	135
2530	70	135
2531	70	135
2532	70	135
2533	70	135
2534	70	135
2535	70	135
2536	69	135
2537	69	135
2538	69	135
2539	69	135
2540	69	135
2541	68	135
2542	68	135
2543	68	135
2544	68	135
2545	68	135
2546	68	135
2547	68	135
2548	68	135
2549	68	135
2550	68	135
2551	68	135
2552	68	135
2553	68	135
2554	69	135
2555	69	135
2556	69	135
2557	69	135
2558	70	135
2559	69	135
2560	71	135
2561	71	135
2562	71	135
2563	72	135
2564	72	135
2565	72	135
2566	72	135
2567	73	135
2568	73	135
2569	73	135
2570	74	135
2571	74	135
2572	74	135
2573	74	135
2574	74	135
2575	74	135
2576	74	135
2577	74	135
2578	74	135
2579	74	135
2580	74	135
2581	74	135
2582	73	135
2583	73	135
2584	73	135
2585	73	135
2586	73	135
2587	73	135
2588	72	135
2589	72	135
2590	72	135
2591	72	135
2592	72	135
2593	72	135
2594	72	135
2595	72	135
2596	72	135
2597	72	135
2598	71	135
2599	71	135
2600	71	135
2601	71	135
2602	71	135
2603	71	135
2604	71	135
2605	71	135
2606	71	135
2607	71	135
2608	71	135
2609	70	135
2610	70	135
2611	70	135
2612	69	135
2613	69	135
2614	68	135
2615	68	135
2616	67	135
2617	67	135
2618	66	135
2619	66	135
2620	65	135
2621	65	135
2622	64	135
2623	63	135
2624	63	135
2625	62	135
2626	62	135
2627	61	135
2628	61	135
2629	60	135
2630	60	135
2631	59	135
2632	59	135
2633	57	135
2634	58	135
2635	58	135
2636	58	135
2637	58	135
2638	58	135
2639	58	135
2640	58	135
2641	59	135
2642	59	135
2643	59	135
2644	60	135
2645	60	135
2646	60	135
2647	61	135
2648	61	135
2649	62	135
2650	62	135
2651	62	135
2652	63	135
2653	63	135
2654	64	135
2655	64	135
2656	65	135
2657	65	135
2658	65	135
2659	66	135
2660	66	135
2661	67	135
2662	67	135
2663	67	135
2664	68	135
2665	68	135
2666	68	135
2667	69	135
2668	69	135
2669	70	135
2670	70	135
2671	71	135
2672	71	135
2673	72	135
2674	73	135
2675	73	135
2676	74	135
2677	75	135
2678	76	135
2679	77	135
2680	78	135
2681	78	135
2682	79	135
2683	80	135
2684	81	135
2685	82	135
2686	83	135
2687	84	135
2688	85	135
2689	86	135
2690	87	135
2691	87	135
2692	88	135
2693	89	135
2694	90	135
2695	90	135
2696	90	135
2697	90	135
2698	91	135
2699	91	135
2700	91	135
2701	91	135
2702	91	135
2703	91	135
2704	91	135
2705	90	135
2706	90	135
2707	89	135
2708	89	135
2709	89	135
2710	88	135
2711	88	135
2712	87	135
2713	87	135
2714	86	135
2715	85	135
2716	85	135
2717	84	135
2718	83	135
2719	83	135
2720	82	135
2721	82	135
2722	81	135
2723	80	135
2724	80	135
2725	79	135
2726	78	135
2727	78	135
2728	77	135
2729	77	135
2730	76	135
2731	75	135
2732	74	135
2733	73	135
2734	73	135
2735	72	135
2736	71	135
2737	70	135
2738	69	135
2739	68	135
2740	67	135
2741	66	135
2742	65	135
2743	64	135
2744	64	135
2745	63	135
2746	62	135
2747	61	135
2748	60	135
2749	60	135
2750	59	135
2751	58	135
2752	58	135
2753	57	135
2754	57	135
2755	56	135
2756	56	135
2757	56	135
2758	56	135
2759	55	135
2760	55	135
2761	56	135
2762	56	135
2763	56	135
2764	56	135
2765	57	135
2766	57	135
2767	58	135
2768	59	135
2769	59	135
2770	60	135
2771	61	135
2772	62	135
2773	63	135
2774	64	135
2775	65	135
2776	66	135
2777	67	135
2778	68	135
2779	70	135
2780	71	135
2781	71	135
2782	73	135
2783	74	135
2784	75	135
2785	77	135
2786	78	135
2787	79	135
2788	81	135
2789	82	135
2790	83	135
2791	84	135
2792	86	135
2793	87	135
2794	88	135
2795	90	135
2796	91	135
2797	92	135
2798	94	135
2799	94	135
2800	96	135
2801	97	135
2802	98	135
2803	99	135
2804	100	135
2805	102	135
2806	103	135
2807	104	135
2808	105	135
2809	106	135
2810	107	135
2811	108	135
2812	109	135
2813	109	135
2814	110	135
2815	111	135
2816	111	135
2817	112	135
2818	112	135
2819	113	135
2820	113	135
2821	114	135
2822	114	135
2823	114	135
2824	114	135
2825	114	135
2826	114	135
2827	113	135
2828	113	135
2829	112	135
2830	112	135
2831	111	135
2832	110	135
2833	110	135
2834	109	135
2835	108	135
2836	107	135
2837	106	135
2838	105	135
2839	104	135
2840	103	135
2841	102	135
2842	101	135
2843	99	135
2844	98	135
2845	97	135
2846	96	135
2847	95	135
2848	94	135
2849	93	135
2850	92	135
2851	91	135
2852	90	135
2853	89	135
2854	88	135
2855	86	135
2856	86	135
2857	85	135
2858	85	135
2859	84	135
2860	83	135
2861	82	135
2862	82	135
2863	81	135
2864	80	135
2865	79	135
2866	79	135
2867	78	135
2868	77	135
2869	77	135
2870	76	135
2871	75	135
2872	75	135
2873	74	135
2874	74	135
2875	73	135
2876	73	135
2877	72	135
2878	72	135
2879	72	135
2880	71	135
2881	71	135
2882	71	135
2883	71	135
2884	71	135
2885	71	135
2886	70	135
2887	70	135
2888	70	135
2889	71	135
2890	71	135
2891	71	135
2892	71	135
2893	71	135
2894	71	135
2895	72	135
2896	72	135
2897	72	135
2898	73	135
2899	73	135
2900	74	135
2901	74	135
2902	74	135
2903	75	135
2904	75	135
2905	76	135
2906	76	135
2907	77	135
2908	77	135
2909	78	135
2910	78	135
2911	79	135
2912	79	135
2913	80	135
2914	80	135
2915	81	135
2916	81	135
2917	82	135
2918	82	135
2919	82	135
2920	83	135
2921	83	135
2922	84	135
2923	84	135
2924	84	135
2925	85	135
2926	85	135
2927	85	135
2928	85	135
2929	85	135
2930	86	135
2931	86	135
2932	86	135
2933	86	135
2934	86	135
2935	87	135
2936	87	135
2937	87	135
2938	87	135
2939	87	135
2940	87	135
2941	87	135
2942	87	135
2943	87	135
2944	87	135
2945	86	135
2946	87	135
2947	86	135
2948	86	135
2949	86	135
2950	86	135
2951	86	135
2952	86	135
2953	86	134
2954	86	135
2955	86	135
2956	86	135
2957	86	135
2958	85	135
2959	85	135
2960	85	135
2961	85	135
2962	85	135
2963	84	135
2964	84	135
2965	84	135
2966	84	135
2967	83	135
2968	83	135
2969	82	135
2970	82	135
2971	82	135
2972	82	135
2973	81	135
2974	81	135
2975	81	135
2976	80	135
2977	80	135
2978	80	135
2979	79	135
2980	79	135
2981	79	135
2982	79	135
2983	78	135
2984	78	135
2985	78	135
2986	77	135
2987	77	135
2988	77	135
2989	77	135
2990	77	135
2991	76	135
2992	76	135
2993	76	135
2994	75	135
2995	75	135
2996	75	135
2997	75	135
2998	75	135
2999	74	135
3000	74	135
3001	73	134
3002	73	135
3003	72	134
3004	73	135
3005	72	135
3006	72	135
3007	72	135
3008	71	135
3009	71	135
3010	71	135
3011	70	135
3012	70	135
3013	70	135
3014	70	135
3015	69	135
3016	69	135
3017	69	135
3018	69	135
3019	69	135
3020	69	135
3021	68	135
3022	68	135
3023	68	135
3024	68	134
3025	68	135
3026	68	135
3027	69	135
3028	69	135
3029	69	135
3030	69	135
3031	69	135
3032	69	135
3033	70	135
3034	70	135
3035	70	135
3036	70	135
3037	70	135
3038	71	135
3039	71	135
3040	71	135
3041	71	135
3042	72	135
3043	72	135
3044	73	134
3045	73	135
3046	74	135
3047	74	135
3048	74	135
3049	75	135
3050	75	135
3051	76	135
3052	77	135
3053	77	135
3054	78	135
3055	78	135
3056	79	135
3057	79	135
3058	80	135
3059	80	135
3060	81	135
3061	82	135
3062	82	135
3063	82	135
3064	83	135
3065	84	135
3066	84	135
3067	85	135
3068	85	135
3069	86	135
3070	86	135
3071	87	135
3072	87	135
3073	87	135
3074	88	135
3075	88	135
3076	89	135
3077	87	135
3078	89	135
3079	89	135
3080	89	135
3081	89	135
3082	89	135
3083	90	135
3084	90	135
3085	89	135
3086	89	135
3087	89	135
3088	89	135
3089	89	135
3090	89	135
3091	89	135
3092	88	135
3093	88	135
3094	88	135
3095	87	135
3096	87	135
3097	87	135
3098	86	135
3099	86	135
3100	86	135
3101	85	135
3102	85	135
3103	84	135
3104	84	135
3105	83	135
3106	83	135
3107	82	135
3108	82	135
3109	81	135
3110	81	135
3111	80	135
3112	79	135
3113	79	135
3114	79	135
3115	78	135
3116	78	135
3117	77	135
3118	77	134
3119	76	135
3120	76	135
3121	75	135
3122	75	135
3123	74	135
3124	74	135
3125	74	135
3126	73	135
3127	73	135
3128	72	135
3129	72	135
3130	72	135
3131	71	135
3132	71	134
3133	71	135
3134	70	135
3135	70	134
3136	70	134
3137	70	134
3138	69	135
3139	69	135
3140	69	135
3141	68	135
3142	68	135
3143	68	134
3144	68	135
3145	68	135
3146	68	135
3147	68	135
3148	67	135
3149	67	135
3150	67	135
3151	67	135
3152	67	135
3153	67	135
3154	67	135
3155	67	135
3156	68	135
3157	67	135
3158	68	135
3159	67	135
3160	68	135
3161	68	135
3162	68	135
3163	68	135
3164	68	135
3165	69	135
3166	69	135
3167	69	135
3168	69	134
3169	70	135
3170	70	134
3171	70	135
3172	70	135
3173	71	135
3174	71	134
3175	71	135
3176	71	134
3177	71	135
3178	72	135
3179	72	135
3180	72	134
3181	72	134
3182	72	135
3183	73	134
3184	72	135
3185	73	135
3186	73	134
3187	73	135
3188	73	135
3189	73	135
3190	73	135
3191	74	135
3192	74	135
3193	73	135
3194	74	135
3195	74	135
3196	74	135
3197	74	135
3198	74	135
3199	74	135
3200	74	134
3201	74	134
3202	75	134
3203	75	135
3204	75	135
3205	75	135
3206	75	135
3207	76	135
3208	76	134
3209	76	134
3210	77	134
3211	77	135
3212	77	135
3213	77	134
3214	78	135
3215	78	135
3216	78	134
3217	79	135
3218	79	135
3219	79	135
3220	79	135
3221	80	135
3222	80	135
3223	80	134
3224	80	135
3225	79	134
3226	80	134
3227	81	135
3228	81	135
3229	81	135
3230	81	135
3231	81	135
3232	81	135
3233	81	135
3234	81	135
3235	81	135
3236	81	135
3237	81	135
3238	81	135
3239	82	135
3240	82	135
3241	82	135
3242	82	135
3243	82	135
3244	82	134
3245	83	135
3246	84	135
3247	85	135
3248	85	135
3249	86	135
3250	86	135
3251	88	135
3252	89	135
3253	90	135
3254	91	134
3255	92	135
3256	94	135
3257	95	135
3258	96	135
3259	97	135
3260	99	134
3261	100	135
3262	102	134
3263	103	135
3264	105	135
3265	106	135
3266	108	135
3267	110	134
3268	111	135
3269	112	135
3270	114	135
3271	115	134
3272	117	135
3273	118	135
3274	120	135
3275	121	135
3276	122	135
3277	123	135
3278	125	135
3279	126	135
3280	127	135
3281	127	135
3282	128	135
3283	129	135
3284	130	135
3285	131	134
3286	132	135
3287	132	135
3288	133	135
3289	134	135
3290	134	135
3291	135	135
3292	135	135
3293	136	135
3294	137	135
3295	137	135
3296	138	135
3297	138	135
3298	138	134
3299	138	135
3300	140	135
3301	140	134
3302	140	135
3303	141	135
3304	141	135
3305	141	135
3306	142	135
3307	142	135
3308	142	135
3309	142	135
3310	142	135
3311	142	135
3312	142	135
3313	142	135
3314	142	135
3315	142	135
3316	141	135
3317	141	135
3318	141	135
3319	140	135
3320	139	135
3321	139	135
3322	138	135
3323	137	135
3324	136	135
3325	135	135
3326	134	135
3327	133	134
3328	132	134
3329	131	134
3330	129	135
3331	128	135
3332	126	135
3333	125	135
3334	123	135
3335	122	135
3336	120	134
3337	117	134
3338	116	135
3339	114	135
3340	112	135
3341	110	135
3342	108	135
3343	105	134
3344	103	135
3345	101	135
3346	99	135
3347	97	135
3348	94	135
3349	91	135
3350	88	135
3351	86	135
3352	83	135
3353	80	134
3354	78	135
3355	75	135
3356	72	134
3357	70	135
3358	67	135
3359	64	135
3360	61	135
3361	59	134
3362	56	134
3363	53	134
3364	50	135
3365	48	135
3366	46	135
3367	43	135
3368	41	135
3369	39	134
3370	37	134
3371	35	134
3372	33	134
3373	30	134
3374	30	134
3375	28	135
3376	27	134
3377	25	134
3378	23	134
3379	22	134
3380	21	135
3381	20	135
3382	19	135
3383	18	135
3384	17	135
3385	17	134
3386	16	135
3387	15	134
3388	15	134
3389	15	134
3390	15	134
3391	15	135
3392	14	134
3393	14	134
3394	15	134
3395	15	134
3396	15	135
3397	16	135
3398	16	134
3399	17	134
3400	18	134
3401	18	135
3402	20	135
3403	21	135
3404	22	134
3405	23	134
3406	25	134
3407	27	135
3408	28	135
3409	30	134
3410	31	134
3411	33	135
3412	35	134
3413	37	134
3414	39	134
3415	41	134
3416	43	134
3417	45	134
3418	47	134
3419	50	134
3420	52	134
3421	55	135
3422	58	134
3423	60	135
3424	62	134
3425	65	134
3426	67	134
3427	70	135
3428	73	135
3429	75	135
3430	78	135
3431	80	134
3432	83	135
3433	86	135
3434	89	135
3435	92	135
3436	94	135
3437	97	135
3438	99	135
3439	102	135
3440	104	135
3441	106	135
3442	109	134
3443	111	134
3444	113	135
3445	114	135
3446	117	135
3447	117	134
3448	120	134
3449	122	135
3450	123	135
3451	125	135
3452	126	135
3453	127	135
3454	128	135
3455	129	135
3456	130	135
3457	131	135
3458	131	134
3459	131	135
3460	132	135
3461	132	134
3462	132	135
3463	132	135
3464	132	135
3465	131	134
3466	131	135
3467	131	135
3468	130	135
3469	129	135
3470	129	135
3471	128	135
3472	127	135
3473	126	135
3474	125	135
3475	124	135
3476	122	135
3477	121	135
3478	119	135
3479	118	135
3480	116	135
3481	114	135
3482	113	135
3483	111	135
3484	109	135
3485	107	135
3486	105	135
3487	103	135
3488	101	135
3489	99	135
3490	97	135
3491	95	135
3492	93	135
3493	90	135
3494	87	135
3495	85	135
3496	82	135
3497	80	135
3498	77	135
3499	74	135
3500	72	135
3501	69	135
3502	67	135
3503	64	135
3504	62	135
3505	59	135
3506	56	135
3507	54	135
3508	51	135
3509	49	135
3510	46	135
3511	44	134
3512	42	135
3513	40	135
3514	37	134
3515	36	134
3516	33	135
3517	32	134
3518	30	135
3519	28	134
3520	27	135
3521	25	135
3522	24	134
3523	23	134
3524	22	134
3525	21	135
3526	20	134
3527	19	134
3528	18	135
3529	18	134
3530	17	134
3531	17	135
3532	16	134
3533	16	135
3534	16	135
3535	16	135
3536	15	134
3537	16	134
3538	16	135
3539	16	135
3540	16	134
3541	16	134
3542	17	135
3543	18	135
3544	18	135
3545	19	135
3546	20	135
3547	20	135
3548	21	135
3549	22	134
3550	24	135
3551	24	135
3552	26	135
3553	27	134
3554	29	135
3555	30	135
3556	31	135
3557	33	135
3558	35	135
3559	36	134
3560	38	134
3561	40	134
3562	42	135
3563	44	135
3564	46	135
3565	48	134
3566	50	134
3567	52	135
3568	54	135
3569	57	135
3570	59	135
3571	61	135
3572	63	135
3573	65	134
3574	66	134
3575	69	135
3576	70	134
3577	72	135
3578	74	135
3579	75	135
3580	77	134
3581	78	135
3582	80	135
3583	81	135
3584	82	135
3585	84	135
3586	85	135
3587	87	135
3588	87	134
3589	89	135
3590	90	135
3591	91	135
3592	92	135
3593	94	135
3594	95	135
3595	95	134
3596	97	135
3597	98	134
3598	99	135
3599	100	135
3600	102	135
3601	103	135
3602	103	135
3603	105	135
3604	106	135
3605	107	135
3606	108	135
3607	109	135
3608	110	135
3609	111	135
3610	112	135
3611	113	135
3612	113	135
3613	114	135
3614	114	135
3615	114	135
3616	115	135
3617	114	135
3618	114	135
3619	114	135
3620	114	135
3621	113	135
3622	113	135
3623	112	135
3624	111	135
3625	109	135
3626	108	135
3627	107	135
3628	105	135
3629	104	135
3630	102	135
3631	101	135
3632	99	135
3633	97	135
3634	96	135
3635	94	135
3636	92	135
3637	91	135
3638	89	135
3639	87	135
3640	86	135
3641	84	135
3642	83	135
3643	82	135
3644	80	135
3645	79	135
3646	78	135
3647	78	135
3648	77	135
3649	76	135
3650	75	135
3651	74	135
3652	74	135
3653	74	135
3654	73	135
3655	72	135
3656	72	135
3657	72	135
3658	71	134
3659	71	134
3660	70	134
3661	70	134
3662	69	134
3663	69	134
3664	68	134
3665	68	134
3666	67	134
3667	66	134
3668	65	134
3669	64	134
3670	64	134
3671	63	135
3672	63	135
3673	62	135
3674	61	135
3675	60	135
3676	59	136
3677	58	136
3678	58	137
3679	57	137
3680	56	137
3681	55	138
3682	55	139
3683	54	140
3684	54	140
3685	53	141
3686	53	142
3687	53	143
3688	53	144
3689	52	144
3690	53	146
3691	53	146
3692	53	147
3693	53	148
3694	53	149
3695	54	150
3696	54	151
3697	55	153
3698	56	154
3699	57	154
3700	57	155
3701	58	156
3702	59	157
3703	60	158
3704	61	159
3705	62	159
3706	62	161
3707	63	161
3708	64	162
3709	65	163
3710	65	164
3711	66	164
3712	67	165
3713	68	166
3714	69	166
3715	70	167
3716	71	168
3717	71	168
3718	72	169
3719	73	169
3720	74	170
3721	75	171
3722	76	171
3723	77	172
3724	78	172
3725	79	173
3726	80	173
3727	81	174
3728	82	174
3729	82	174
3730	84	175
3731	85	175
3732	85	175
3733	87	176
3734	88	176
3735	89	176
3736	89	176
3737	90	177
3738	91	177
3739	92	177
3740	92	177
3741	93	176
3742	93	176
3743	92	176
3744	94	176
3745	94	176
3746	94	175
3747	94	175
3748	94	174
3749	94	174
3750	94	173
3751	94	173
3752	93	172
3753	93	171
3754	92	170
3755	92	169
3756	91	169
3757	91	167
3758	90	167
3759	90	166
3760	89	165
3761	89	163
3762	88	162
3763	87	161
3764	87	160
3765	87	159
3766	86	158
3767	85	157
3768	85	156
3769	85	154
3770	84	154
3771	84	152
3772	83	151
3773	83	150
3774	82	149
3775	82	148
3776	81	147
3777	81	146
3778	80	145
3779	80	144
3780	79	143
3781	79	142
3782	78	141
3783	78	140
3784	77	139
3785	77	138
3786	76	137
3787	76	137
3788	75	136
3789	74	135
3790	74	135
3791	74	134
3792	73	133
3793	73	132
3794	72	132
3795	71	131
3796	71	131
3797	71	129
3798	70	129
3799	70	129
3800	70	128
3801	69	127
3802	69	127
3803	68	126
3804	68	125
3805	68	125
3806	68	125
3807	67	124
3808	67	124
3809	67	123
3810	67	123
3811	67	123
3812	67	122
3813	67	122
3814	68	122
3815	68	122
3816	68	121
3817	68	121
3818	69	121
3819	70	121
3820	71	121
3821	71	120
3822	71	120
3823	72	120
3824	73	121
3825	74	120
3826	75	120
3827	76	120
3828	77	121
3829	77	121
3830	78	121
3831	79	121
3832	80	121
3833	81	121
3834	82	122
3835	82	122
3836	83	122
3837	84	123
3838	85	123
3839	85	123
3840	85	123
3841	86	124
3842	86	124
3843	86	124
3844	86	124
3845	86	125
3846	86	125
3847	87	125
3848	86	125
3849	86	126
3850	86	126
3851	86	127
3852	86	127
3853	86	127
3854	86	127
3855	85	128
3856	85	128
3857	85	129
3858	85	129
3859	85	129
3860	85	129
3861	85	130
3862	84	131
3863	84	131
3864	84	131
3865	83	132
3866	83	132
3867	83	132
3868	82	133
3869	82	134
3870	82	134
3871	81	134
3872	81	135
3873	80	135
3874	80	136
3875	79	136
3876	78	137
3877	77	137
3878	77	137
3879	76	137
3880	75	138
3881	74	138
3882	73	139
3883	72	139
3884	71	139
3885	70	139
3886	68	140
3887	68	140
3888	67	140
3889	65	141
3890	65	141
3891	63	141
3892	63	141
3893	62	141
3894	61	141
3895	61	141
3896	60	141
3897	60	141
3898	59	141
3899	58	141
3900	58	141
3901	58	141
3902	57	141
3903	58	141
3904	57	140
3905	57	140
3906	57	140
3907	57	140
3908	57	140
3909	58	140
3910	58	139
3911	58	139
3912	58	139
3913	59	138
3914	59	138
3915	60	138
3916	60	137
3917	61	137
3918	61	136
3919	62	136
3920	63	135
3921	64	135
3922	64	134
3923	65	134
3924	66	133
3925	67	132
3926	69	131
3927	70	131
3928	71	130
3929	72	129
3930	74	128
3931	75	127
3932	77	127
3933	78	126
3934	80	125
3935	82	124
3936	83	124
3937	85	123
3938	87	122
3939	88	121
3940	90	120
3941	91	119
3942	93	119
3943	94	118
3944	95	117
3945	97	116
3946	98	115
3947	100	115
3948	100	114
3949	101	114
3950	102	113
3951	103	113
3952	103	112
3953	104	112
3954	105	112
3955	106	111
3956	106	111
3957	106	110
3958	106	110
3959	107	110
3960	107	110
3961	107	110
3962	107	110
3963	107	110
3964	107	110
3965	106	110
3966	107	110
3967	107	110
3968	107	110
3969	107	111
3970	106	111
3971	106	111
3972	106	112
3973	106	112
3974	105	112
3975	105	113
3976	104	114
3977	103	114
3978	103	114
3979	102	115
3980	101	115
3981	100	116
3982	99	117
3983	98	118
3984	97	118
3985	96	119
3986	95	120
3987	94	120
3988	93	122
3989	92	122
3990	91	123
3991	90	124
3992	89	125
3993	88	125
3994	87	126
3995	86	127
3996	85	128
3997	84	128
3998	83	129
3999	83	130
4000	82	131
4001	82	132
4002	81	132
4003	81	133
4004	80	134
4005	79	134
4006	79	134
4007	78	135
4008	78	136
4009	78	136
4010	77	137
4011	77	137
4012	77	137
4013	76	138
4014	76	138
4015	75	138
4016	75	139
4017	74	139
4018	74	139
4019	73	139
4020	73	140
4021	72	139
4022	72	140
4023	71	140
4024	71	140
4025	70	140
4026	70	140
4027	70	140
4028	69	140
4029	69	140
4030	69	140
4031	69	140
4032	68	140
4033	68	140
4034	68	140
4035	68	140
4036	68	140
4037	68	140
4038	69	141
4039	67	140
4040	69	141
4041	69	141
4042	69	140
4043	70	140
4044	70	141
4045	71	141
4046	71	141
4047	71	141
4048	72	141
4049	72	141
4050	73	141
4051	73	141
4052	73	141
4053	74	141
4054	74	141
4055	74	141
4056	75	141
4057	75	141
4058	75	141
4059	76	141
4060	76	141
4061	77	141
4062	77	141
4063	77	141
4064	78	141
4065	78	141
4066	78	141
4067	79	141
4068	79	141
4069	79	141
4070	80	141
4071	80	141
4072	80	140
4073	80	140
4074	81	140
4075	81	140
4076	82	140
4077	82	140
4078	82	139
4079	82	139
4080	82	139
4081	83	138
4082	83	137
4083	83	137
4084	83	137
4085	83	136
4086	83	135
4087	84	135
4088	84	134
4089	83	133
4090	84	133
4091	84	132
4092	83	131
4093	83	130
4094	83	129
4095	79	135
