
TIME STEP:
160 = 0.2ms

VOLTAGE STEP:
CH1:  32 = 0.1V
CH2:  32 = 0.1V

N	CH1	CH2

0	79	137
1	79	137
2	79	137
3	79	137
4	79	137
5	79	137
6	77	137
7	79	137
8	79	137
9	79	137
10	79	137
11	79	137
12	79	137
13	79	137
14	79	137
15	79	137
16	79	137
17	79	137
18	79	137
19	79	137
20	79	137
21	79	137
22	79	137
23	79	137
24	79	137
25	79	137
26	79	137
27	79	137
28	79	137
29	79	137
30	79	137
31	79	137
32	79	137
33	79	137
34	79	137
35	79	137
36	79	137
37	79	137
38	79	137
39	79	137
40	79	137
41	79	137
42	79	137
43	79	137
44	79	137
45	79	137
46	79	137
47	79	137
48	79	137
49	79	137
50	79	137
51	79	137
52	79	137
53	79	137
54	79	137
55	79	137
56	79	137
57	79	137
58	79	137
59	79	137
60	79	137
61	79	137
62	79	137
63	79	137
64	79	137
65	79	137
66	79	137
67	79	137
68	79	137
69	79	137
70	79	137
71	79	137
72	79	137
73	79	137
74	79	137
75	79	137
76	79	137
77	79	137
78	79	136
79	79	137
80	78	136
81	80	137
82	79	137
83	79	137
84	79	137
85	79	137
86	79	137
87	79	137
88	79	137
89	79	137
90	79	137
91	79	137
92	79	137
93	79	137
94	79	136
95	79	137
96	80	137
97	80	137
98	79	137
99	79	137
100	79	137
101	80	137
102	80	137
103	79	137
104	80	137
105	79	136
106	80	137
107	79	137
108	79	137
109	79	136
110	79	137
111	80	137
112	79	137
113	79	137
114	80	137
115	80	137
116	80	137
117	80	137
118	80	137
119	80	137
120	80	137
121	79	136
122	80	137
123	79	136
124	80	137
125	79	136
126	79	137
127	80	137
128	80	137
129	80	136
130	80	137
131	80	137
132	80	136
133	80	137
134	80	137
135	80	137
136	80	136
137	80	137
138	80	137
139	80	137
140	80	137
141	80	137
142	80	136
143	80	137
144	80	136
145	80	136
146	80	137
147	80	137
148	80	137
149	80	137
150	80	137
151	80	137
152	80	137
153	80	137
154	78	136
155	80	137
156	80	137
157	80	137
158	80	137
159	80	137
160	80	137
161	80	137
162	80	137
163	80	137
164	80	137
165	80	136
166	80	137
167	80	137
168	80	137
169	80	137
170	80	137
171	80	137
172	80	137
173	80	137
174	80	137
175	80	137
176	80	136
177	80	137
178	80	137
179	80	136
180	80	137
181	80	137
182	80	137
183	80	137
184	80	137
185	80	137
186	80	137
187	80	137
188	80	136
189	80	137
190	80	137
191	80	137
192	80	137
193	80	137
194	80	137
195	80	137
196	80	137
197	80	137
198	80	137
199	80	137
200	80	137
201	80	137
202	80	137
203	80	136
204	80	137
205	80	137
206	80	137
207	80	137
208	80	137
209	80	137
210	80	137
211	80	137
212	80	136
213	80	137
214	80	137
215	80	137
216	80	137
217	80	136
218	80	137
219	80	136
220	80	137
221	80	137
222	80	137
223	80	137
224	81	137
225	80	137
226	80	137
227	80	137
228	79	136
229	80	137
230	80	137
231	80	137
232	80	137
233	81	137
234	80	137
235	80	137
236	80	136
237	80	136
238	80	137
239	81	137
240	80	137
241	81	137
242	80	137
243	80	137
244	81	137
245	80	137
246	80	137
247	80	137
248	80	137
249	80	137
250	81	137
251	81	137
252	81	137
253	80	137
254	81	137
255	81	137
256	80	137
257	80	137
258	80	137
259	81	137
260	80	137
261	81	137
262	81	137
263	81	137
264	80	137
265	80	137
266	80	137
267	80	137
268	81	137
269	80	137
270	80	137
271	80	137
272	80	137
273	81	137
274	81	137
275	80	137
276	80	137
277	80	137
278	81	137
279	81	137
280	80	137
281	81	137
282	81	137
283	80	137
284	81	137
285	81	137
286	80	137
287	80	137
288	80	137
289	80	137
290	80	137
291	80	137
292	80	137
293	80	137
294	80	137
295	80	137
296	80	137
297	80	137
298	81	137
299	80	137
300	81	137
301	81	137
302	79	137
303	81	137
304	81	137
305	80	137
306	80	137
307	80	137
308	80	137
309	80	137
310	81	137
311	80	137
312	81	137
313	80	137
314	81	137
315	81	137
316	80	136
317	80	137
318	81	137
319	81	137
320	81	137
321	80	137
322	81	137
323	81	137
324	81	137
325	80	137
326	81	137
327	80	137
328	80	137
329	80	137
330	80	136
331	80	137
332	80	137
333	80	137
334	81	137
335	80	137
336	81	137
337	80	137
338	80	137
339	80	137
340	80	137
341	81	137
342	80	137
343	80	137
344	80	137
345	80	137
346	81	137
347	80	137
348	80	137
349	80	137
350	80	137
351	80	137
352	80	137
353	80	137
354	80	137
355	80	137
356	80	137
357	80	137
358	80	137
359	80	137
360	80	137
361	80	137
362	80	137
363	80	137
364	80	137
365	80	137
366	80	137
367	80	137
368	80	137
369	80	137
370	80	137
371	80	137
372	80	137
373	80	137
374	80	137
375	80	137
376	79	136
377	80	136
378	80	137
379	80	137
380	80	137
381	80	137
382	80	137
383	80	137
384	81	137
385	80	137
386	80	137
387	80	137
388	80	137
389	80	137
390	80	137
391	80	137
392	80	136
393	80	136
394	80	137
395	80	137
396	81	137
397	81	137
398	80	137
399	80	137
400	80	137
401	80	137
402	80	137
403	81	137
404	80	136
405	80	137
406	80	137
407	80	137
408	80	137
409	80	136
410	81	137
411	80	137
412	81	137
413	80	137
414	80	136
415	80	137
416	80	137
417	81	136
418	81	137
419	80	136
420	80	137
421	81	137
422	81	137
423	80	136
424	80	136
425	80	136
426	80	136
427	80	136
428	80	136
429	80	137
430	80	136
431	81	137
432	80	137
433	80	137
434	80	137
435	80	137
436	80	137
437	80	136
438	80	136
439	80	136
440	80	136
441	80	137
442	81	136
443	80	136
444	81	137
445	80	136
446	80	136
447	80	137
448	80	137
449	80	136
450	79	136
451	80	136
452	80	136
453	80	136
454	80	136
455	80	136
456	80	136
457	80	137
458	81	136
459	81	136
460	80	136
461	80	136
462	80	136
463	80	137
464	80	136
465	80	136
466	80	136
467	80	136
468	80	136
469	81	136
470	80	136
471	80	136
472	80	136
473	80	136
474	80	136
475	81	136
476	81	136
477	80	136
478	80	136
479	80	136
480	81	136
481	81	136
482	80	136
483	80	136
484	80	136
485	81	136
486	81	136
487	80	136
488	81	136
489	80	136
490	81	136
491	80	136
492	81	136
493	80	136
494	81	136
495	81	136
496	81	136
497	81	136
498	81	136
499	81	136
500	81	136
501	81	136
502	81	136
503	81	136
504	81	136
505	81	136
506	81	136
507	81	136
508	81	136
509	81	136
510	80	136
511	81	136
512	81	136
513	81	136
514	80	136
515	81	136
516	81	136
517	81	136
518	81	136
519	81	136
520	81	136
521	81	136
522	81	136
523	81	136
524	79	135
525	81	135
526	81	136
527	81	136
528	81	136
529	81	136
530	81	136
531	81	136
532	81	136
533	81	136
534	81	136
535	81	136
536	81	136
537	81	136
538	81	136
539	81	136
540	81	136
541	81	136
542	81	136
543	81	136
544	81	136
545	81	136
546	81	136
547	81	136
548	81	136
549	81	136
550	81	136
551	81	136
552	81	136
553	81	136
554	81	136
555	81	136
556	81	136
557	81	136
558	81	136
559	81	136
560	81	136
561	81	136
562	81	136
563	81	136
564	81	135
565	81	136
566	81	136
567	81	136
568	81	136
569	81	136
570	81	136
571	81	136
572	81	136
573	81	136
574	81	136
575	81	136
576	81	136
577	81	135
578	81	136
579	81	136
580	81	136
581	81	136
582	81	136
583	81	136
584	81	136
585	81	136
586	81	136
587	81	136
588	81	136
589	81	136
590	81	136
591	81	136
592	81	135
593	81	135
594	81	136
595	81	135
596	80	135
597	81	136
598	79	135
599	81	136
600	81	136
601	81	136
602	81	136
603	81	136
604	81	135
605	81	136
606	81	136
607	81	135
608	81	136
609	81	136
610	81	136
611	81	136
612	81	136
613	81	136
614	81	136
615	81	135
616	81	136
617	81	136
618	81	136
619	81	135
620	81	136
621	81	135
622	81	136
623	81	136
624	81	136
625	80	136
626	80	135
627	81	135
628	81	136
629	81	136
630	81	136
631	80	135
632	81	136
633	80	136
634	81	136
635	81	136
636	81	136
637	80	136
638	81	136
639	81	136
640	81	136
641	81	136
642	81	136
643	80	136
644	81	136
645	81	136
646	81	136
647	80	135
648	81	136
649	80	135
650	81	136
651	81	136
652	81	136
653	81	136
654	81	136
655	81	136
656	80	135
657	81	136
658	81	136
659	81	136
660	81	136
661	81	136
662	81	136
663	81	136
664	80	136
665	80	136
666	80	136
667	80	136
668	80	135
669	80	136
670	80	136
671	80	136
672	79	135
673	80	136
674	80	135
675	80	136
676	80	136
677	80	136
678	80	136
679	80	136
680	80	136
681	80	136
682	80	136
683	80	136
684	81	136
685	80	136
686	80	135
687	80	136
688	80	136
689	80	136
690	80	135
691	80	136
692	80	136
693	80	135
694	80	136
695	80	136
696	81	136
697	80	136
698	80	136
699	80	136
700	80	136
701	80	136
702	80	136
703	80	136
704	80	136
705	80	136
706	80	136
707	80	136
708	80	135
709	80	136
710	80	136
711	80	135
712	80	136
713	80	136
714	80	136
715	80	136
716	80	136
717	80	136
718	80	136
719	80	136
720	80	136
721	80	136
722	80	136
723	80	136
724	80	136
725	80	136
726	80	136
727	80	136
728	80	136
729	80	136
730	80	136
731	80	136
732	80	136
733	80	136
734	80	136
735	80	136
736	80	135
737	80	136
738	80	136
739	80	136
740	80	135
741	80	136
742	80	136
743	80	136
744	80	136
745	80	135
746	79	135
747	80	136
748	80	136
749	80	136
750	80	136
751	80	136
752	80	136
753	80	136
754	80	136
755	80	135
756	80	136
757	80	136
758	80	135
759	80	136
760	80	135
761	80	135
762	80	135
763	80	135
764	80	136
765	80	136
766	80	136
767	80	136
768	80	135
769	80	136
770	80	136
771	80	136
772	80	135
773	80	136
774	80	135
775	80	136
776	80	135
777	80	135
778	80	136
779	80	135
780	80	135
781	80	135
782	80	136
783	80	135
784	80	136
785	80	135
786	80	135
787	80	135
788	80	135
789	80	135
790	80	135
791	80	135
792	80	135
793	80	135
794	80	135
795	80	135
796	80	135
797	80	135
798	80	136
799	80	135
800	80	135
801	80	135
802	80	135
803	80	135
804	80	135
805	80	135
806	80	135
807	80	135
808	80	135
809	80	135
810	80	135
811	80	136
812	80	135
813	80	135
814	80	135
815	80	135
816	80	135
817	80	135
818	80	135
819	80	135
820	78	135
821	80	135
822	80	135
823	80	135
824	80	135
825	80	135
826	80	135
827	80	135
828	80	135
829	80	135
830	80	135
831	80	135
832	80	135
833	80	135
834	80	135
835	80	135
836	80	135
837	80	135
838	80	135
839	80	135
840	80	135
841	80	135
842	80	135
843	80	135
844	80	135
845	80	135
846	80	135
847	80	135
848	80	135
849	80	135
850	80	135
851	80	135
852	80	135
853	80	135
854	80	135
855	80	135
856	80	135
857	80	135
858	80	135
859	80	135
860	80	135
861	80	135
862	80	135
863	80	135
864	80	135
865	80	135
866	80	135
867	80	135
868	80	135
869	80	135
870	80	135
871	80	135
872	80	135
873	80	135
874	80	135
875	80	135
876	80	135
877	80	135
878	80	135
879	80	135
880	80	135
881	80	135
882	80	135
883	80	135
884	80	135
885	80	135
886	80	135
887	80	135
888	80	135
889	80	135
890	80	135
891	80	135
892	80	135
893	80	135
894	78	135
895	80	135
896	80	135
897	80	135
898	80	135
899	80	135
900	80	135
901	80	135
902	80	135
903	80	135
904	80	135
905	80	135
906	80	135
907	80	135
908	80	135
909	80	135
910	80	135
911	80	135
912	80	135
913	80	135
914	80	135
915	80	135
916	80	135
917	80	135
918	80	135
919	80	135
920	80	135
921	80	135
922	80	135
923	80	135
924	80	135
925	80	135
926	80	135
927	80	135
928	80	135
929	80	135
930	80	135
931	80	135
932	80	135
933	80	135
934	80	135
935	80	135
936	80	135
937	80	135
938	80	135
939	80	135
940	80	135
941	80	135
942	80	135
943	80	135
944	80	135
945	80	135
946	80	135
947	80	135
948	79	135
949	80	135
950	80	135
951	80	135
952	80	135
953	80	135
954	80	135
955	80	135
956	80	135
957	80	135
958	80	135
959	80	135
960	80	135
961	80	135
962	80	135
963	80	135
964	80	135
965	80	135
966	80	135
967	80	135
968	78	135
969	80	135
970	80	135
971	80	135
972	80	135
973	80	135
974	80	135
975	80	135
976	80	135
977	80	135
978	80	135
979	80	135
980	80	135
981	80	135
982	80	135
983	80	135
984	80	135
985	80	135
986	80	135
987	81	135
988	81	135
989	81	135
990	81	135
991	81	135
992	81	135
993	81	135
994	81	135
995	81	135
996	82	135
997	82	135
998	82	135
999	82	135
1000	82	135
1001	83	135
1002	84	135
1003	84	135
1004	84	135
1005	85	135
1006	85	135
1007	86	135
1008	86	135
1009	87	135
1010	88	135
1011	89	135
1012	89	135
1013	90	135
1014	91	135
1015	92	135
1016	93	135
1017	94	135
1018	95	135
1019	96	135
1020	97	135
1021	99	135
1022	100	135
1023	102	135
1024	103	135
1025	104	135
1026	105	135
1027	107	135
1028	109	135
1029	110	135
1030	111	135
1031	113	135
1032	114	135
1033	116	135
1034	118	135
1035	120	135
1036	122	135
1037	124	135
1038	125	135
1039	127	135
1040	129	135
1041	131	135
1042	131	135
1043	134	135
1044	135	135
1045	137	135
1046	139	135
1047	141	135
1048	143	135
1049	144	135
1050	146	135
1051	148	135
1052	149	135
1053	151	135
1054	153	135
1055	154	135
1056	156	135
1057	157	135
1058	158	135
1059	160	135
1060	161	135
1061	162	135
1062	163	135
1063	164	135
1064	165	135
1065	166	135
1066	167	135
1067	167	135
1068	168	135
1069	169	135
1070	170	135
1071	170	135
1072	170	135
1073	170	135
1074	170	135
1075	170	135
1076	170	135
1077	170	135
1078	170	135
1079	169	135
1080	168	135
1081	168	135
1082	167	135
1083	166	135
1084	165	135
1085	164	135
1086	163	135
1087	162	135
1088	160	135
1089	158	135
1090	157	135
1091	156	135
1092	154	135
1093	152	135
1094	150	135
1095	148	135
1096	146	135
1097	145	135
1098	143	135
1099	141	135
1100	138	135
1101	136	135
1102	134	135
1103	133	135
1104	130	135
1105	128	135
1106	126	135
1107	124	135
1108	121	135
1109	119	135
1110	117	135
1111	114	135
1112	112	135
1113	110	135
1114	108	135
1115	105	135
1116	102	134
1117	101	135
1118	99	135
1119	96	135
1120	94	135
1121	92	135
1122	90	135
1123	88	135
1124	86	135
1125	83	135
1126	82	135
1127	80	135
1128	78	135
1129	77	135
1130	75	135
1131	73	135
1132	72	134
1133	71	135
1134	70	134
1135	69	135
1136	67	134
1137	67	134
1138	66	134
1139	65	134
1140	65	134
1141	64	134
1142	64	134
1143	64	134
1144	64	134
1145	63	134
1146	64	134
1147	64	134
1148	64	134
1149	65	134
1150	65	134
1151	65	134
1152	66	134
1153	66	134
1154	67	134
1155	68	134
1156	69	134
1157	70	134
1158	71	134
1159	72	134
1160	73	134
1161	74	134
1162	75	134
1163	77	134
1164	78	134
1165	79	135
1166	81	135
1167	82	134
1168	83	134
1169	85	135
1170	87	134
1171	88	134
1172	90	134
1173	91	134
1174	93	134
1175	94	134
1176	95	135
1177	97	134
1178	98	134
1179	99	134
1180	101	134
1181	102	134
1182	104	135
1183	105	134
1184	106	134
1185	107	135
1186	109	135
1187	109	134
1188	111	134
1189	111	134
1190	111	134
1191	114	134
1192	115	134
1193	116	134
1194	117	135
1195	118	134
1196	119	134
1197	120	134
1198	121	135
1199	122	134
1200	122	134
1201	123	134
1202	124	135
1203	125	134
1204	126	134
1205	126	134
1206	127	134
1207	127	135
1208	127	134
1209	127	134
1210	128	134
1211	128	134
1212	128	134
1213	128	134
1214	127	135
1215	127	134
1216	126	134
1217	126	134
1218	126	134
1219	125	134
1220	124	134
1221	123	134
1222	122	134
1223	121	134
1224	119	134
1225	118	134
1226	117	134
1227	116	134
1228	114	134
1229	113	135
1230	112	135
1231	111	134
1232	110	134
1233	109	134
1234	108	134
1235	106	134
1236	106	134
1237	105	135
1238	104	135
1239	103	134
1240	102	134
1241	102	134
1242	101	134
1243	100	134
1244	100	134
1245	99	134
1246	99	134
1247	98	134
1248	97	134
1249	97	134
1250	97	135
1251	96	134
1252	96	135
1253	95	134
1254	94	134
1255	94	134
1256	93	134
1257	92	134
1258	92	134
1259	91	134
1260	90	134
1261	89	134
1262	88	134
1263	87	134
1264	85	134
1265	85	134
1266	85	134
1267	84	134
1268	83	134
1269	82	134
1270	81	134
1271	81	134
1272	80	134
1273	79	134
1274	79	134
1275	78	134
1276	78	134
1277	77	134
1278	77	134
1279	77	135
1280	77	134
1281	76	134
1282	76	134
1283	76	134
1284	75	134
1285	75	134
1286	75	134
1287	75	134
1288	75	134
1289	75	134
1290	75	134
1291	75	134
1292	75	134
1293	75	134
1294	75	134
1295	75	134
1296	75	135
1297	75	134
1298	75	134
1299	75	134
1300	75	134
1301	75	134
1302	75	134
1303	74	134
1304	74	135
1305	74	134
1306	74	134
1307	74	134
1308	73	134
1309	73	134
1310	72	134
1311	72	134
1312	72	134
1313	71	134
1314	71	134
1315	71	134
1316	70	135
1317	70	134
1318	69	134
1319	68	134
1320	68	135
1321	67	134
1322	67	134
1323	66	134
1324	65	134
1325	65	135
1326	64	134
1327	64	135
1328	63	134
1329	63	134
1330	62	134
1331	62	134
1332	62	134
1333	62	134
1334	61	134
1335	61	134
1336	61	134
1337	60	134
1338	58	134
1339	60	134
1340	60	134
1341	59	134
1342	59	134
1343	59	134
1344	59	134
1345	59	134
1346	59	135
1347	58	134
1348	58	134
1349	58	134
1350	58	134
1351	57	134
1352	57	134
1353	57	134
1354	57	134
1355	56	134
1356	56	135
1357	56	134
1358	56	134
1359	56	134
1360	55	134
1361	55	134
1362	55	134
1363	55	134
1364	55	135
1365	55	134
1366	55	135
1367	55	134
1368	56	134
1369	56	134
1370	57	135
1371	57	135
1372	58	134
1373	58	134
1374	59	134
1375	60	134
1376	61	135
1377	62	135
1378	63	134
1379	64	135
1380	65	134
1381	65	134
1382	67	135
1383	68	135
1384	68	135
1385	70	134
1386	71	135
1387	71	135
1388	72	134
1389	73	135
1390	74	135
1391	74	134
1392	75	134
1393	75	135
1394	76	134
1395	76	134
1396	77	135
1397	77	134
1398	77	135
1399	77	134
1400	77	135
1401	77	134
1402	77	135
1403	77	134
1404	77	134
1405	77	135
1406	77	134
1407	78	134
1408	77	134
1409	78	135
1410	78	135
1411	78	135
1412	77	134
1413	79	134
1414	79	134
1415	79	134
1416	80	135
1417	80	135
1418	80	134
1419	81	134
1420	81	134
1421	82	134
1422	82	134
1423	83	134
1424	83	134
1425	84	134
1426	84	134
1427	85	135
1428	85	134
1429	85	135
1430	86	135
1431	86	135
1432	86	134
1433	86	134
1434	86	134
1435	86	134
1436	86	135
1437	86	134
1438	86	134
1439	86	135
1440	86	134
1441	86	135
1442	86	135
1443	85	134
1444	85	135
1445	85	134
1446	84	134
1447	84	134
1448	84	134
1449	83	135
1450	83	134
1451	83	134
1452	83	135
1453	83	134
1454	83	134
1455	83	134
1456	83	134
1457	83	135
1458	83	135
1459	83	134
1460	84	134
1461	84	135
1462	85	135
1463	85	135
1464	86	135
1465	86	134
1466	87	135
1467	87	134
1468	88	134
1469	89	134
1470	90	135
1471	91	135
1472	91	135
1473	92	134
1474	93	134
1475	94	135
1476	94	134
1477	95	135
1478	96	134
1479	97	135
1480	97	135
1481	98	135
1482	98	134
1483	99	135
1484	100	135
1485	100	135
1486	99	134
1487	101	134
1488	102	135
1489	102	135
1490	102	135
1491	102	134
1492	103	135
1493	103	135
1494	103	135
1495	104	134
1496	104	135
1497	104	135
1498	104	135
1499	105	135
1500	105	134
1501	105	134
1502	105	135
1503	105	135
1504	106	134
1505	106	134
1506	106	134
1507	106	134
1508	106	135
1509	106	135
1510	106	135
1511	106	134
1512	106	135
1513	106	134
1514	106	134
1515	106	135
1516	106	135
1517	105	134
1518	105	135
1519	105	135
1520	104	134
1521	103	134
1522	103	135
1523	102	134
1524	102	134
1525	101	134
1526	100	134
1527	99	134
1528	99	135
1529	97	134
1530	97	134
1531	96	134
1532	95	134
1533	94	134
1534	93	135
1535	92	134
1536	92	134
1537	91	134
1538	90	134
1539	89	134
1540	88	135
1541	88	135
1542	87	134
1543	86	134
1544	85	134
1545	85	134
1546	84	134
1547	83	134
1548	83	135
1549	82	135
1550	82	135
1551	81	134
1552	80	134
1553	80	134
1554	80	135
1555	79	134
1556	79	134
1557	78	135
1558	78	134
1559	77	134
1560	75	134
1561	76	134
1562	75	135
1563	74	134
1564	74	134
1565	73	134
1566	72	134
1567	71	134
1568	71	135
1569	70	134
1570	69	134
1571	68	135
1572	67	134
1573	67	134
1574	66	134
1575	65	134
1576	64	134
1577	63	134
1578	62	134
1579	62	134
1580	61	134
1581	60	135
1582	59	134
1583	59	134
1584	58	134
1585	57	134
1586	57	135
1587	56	134
1588	56	134
1589	55	134
1590	55	134
1591	54	134
1592	54	134
1593	54	134
1594	53	134
1595	53	134
1596	53	134
1597	53	134
1598	52	134
1599	52	134
1600	52	134
1601	51	134
1602	51	134
1603	51	134
1604	50	134
1605	50	134
1606	50	134
1607	50	134
1608	50	134
1609	50	134
1610	49	134
1611	49	134
1612	48	134
1613	48	135
1614	48	135
1615	47	134
1616	47	135
1617	47	134
1618	47	134
1619	46	134
1620	46	134
1621	46	134
1622	46	134
1623	46	134
1624	46	134
1625	47	135
1626	46	134
1627	47	134
1628	47	134
1629	47	134
1630	48	134
1631	48	135
1632	48	134
1633	49	134
1634	47	134
1635	50	134
1636	50	134
1637	50	134
1638	51	134
1639	52	134
1640	52	134
1641	53	134
1642	53	134
1643	54	134
1644	54	134
1645	55	134
1646	55	135
1647	56	134
1648	57	134
1649	57	134
1650	57	135
1651	58	135
1652	58	134
1653	58	134
1654	59	134
1655	59	135
1656	59	134
1657	60	134
1658	60	134
1659	60	135
1660	60	134
1661	61	135
1662	61	134
1663	62	135
1664	62	134
1665	62	134
1666	62	134
1667	63	134
1668	63	135
1669	64	134
1670	64	135
1671	65	134
1672	65	135
1673	66	134
1674	66	135
1675	67	135
1676	67	135
1677	67	134
1678	68	134
1679	68	135
1680	69	134
1681	69	134
1682	70	134
1683	70	134
1684	71	134
1685	71	135
1686	72	134
1687	72	134
1688	73	135
1689	73	134
1690	74	135
1691	74	134
1692	75	134
1693	76	135
1694	77	135
1695	77	135
1696	78	134
1697	78	134
1698	79	134
1699	80	135
1700	81	134
1701	82	134
1702	83	135
1703	84	134
1704	85	135
1705	85	134
1706	87	135
1707	88	134
1708	87	134
1709	90	135
1710	91	135
1711	92	135
1712	93	134
1713	93	134
1714	94	134
1715	95	134
1716	96	134
1717	96	134
1718	97	135
1719	97	134
1720	98	135
1721	99	135
1722	99	135
1723	100	134
1724	100	135
1725	101	135
1726	101	135
1727	102	135
1728	102	134
1729	102	134
1730	102	135
1731	102	135
1732	102	134
1733	102	135
1734	102	135
1735	102	135
1736	102	135
1737	102	134
1738	102	135
1739	101	134
1740	101	134
1741	100	135
1742	100	135
1743	99	134
1744	99	135
1745	98	134
1746	97	134
1747	97	135
1748	96	135
1749	95	135
1750	94	134
1751	93	135
1752	92	134
1753	91	135
1754	90	135
1755	90	135
1756	88	135
1757	87	135
1758	86	135
1759	86	135
1760	85	135
1761	84	135
1762	83	135
1763	82	134
1764	82	135
1765	81	134
1766	80	135
1767	80	135
1768	79	135
1769	79	135
1770	78	135
1771	77	135
1772	77	134
1773	77	135
1774	76	134
1775	75	134
1776	75	135
1777	74	135
1778	74	135
1779	73	134
1780	72	135
1781	72	135
1782	69	134
1783	70	135
1784	69	135
1785	69	135
1786	68	135
1787	67	135
1788	66	135
1789	65	135
1790	64	135
1791	63	135
1792	63	135
1793	62	135
1794	61	135
1795	60	135
1796	60	135
1797	59	135
1798	58	135
1799	58	135
1800	57	135
1801	56	135
1802	56	135
1803	56	135
1804	55	135
1805	55	135
1806	55	135
1807	55	135
1808	55	135
1809	55	135
1810	55	135
1811	55	135
1812	55	135
1813	55	135
1814	55	135
1815	55	135
1816	55	135
1817	55	135
1818	55	135
1819	55	135
1820	55	135
1821	55	135
1822	55	135
1823	55	135
1824	56	135
1825	55	135
1826	55	135
1827	56	135
1828	56	135
1829	56	135
1830	56	135
1831	57	135
1832	57	135
1833	57	135
1834	57	135
1835	57	135
1836	58	135
1837	58	135
1838	58	135
1839	59	135
1840	59	135
1841	60	135
1842	60	135
1843	61	135
1844	61	135
1845	61	135
1846	62	135
1847	62	135
1848	62	135
1849	62	135
1850	63	135
1851	63	135
1852	63	135
1853	63	135
1854	63	135
1855	63	135
1856	61	135
1857	63	135
1858	63	135
1859	63	135
1860	62	135
1861	62	135
1862	62	135
1863	62	135
1864	62	135
1865	62	135
1866	62	135
1867	61	135
1868	61	135
1869	61	135
1870	61	135
1871	61	135
1872	61	135
1873	60	135
1874	60	135
1875	60	135
1876	60	135
1877	60	135
1878	60	135
1879	60	135
1880	60	135
1881	60	135
1882	60	135
1883	60	135
1884	60	135
1885	60	135
1886	60	135
1887	60	135
1888	60	135
1889	60	135
1890	60	135
1891	60	135
1892	60	135
1893	60	135
1894	60	135
1895	60	135
1896	60	135
1897	60	136
1898	60	135
1899	60	135
1900	60	136
1901	60	135
1902	60	135
1903	60	135
1904	59	136
1905	60	135
1906	59	135
1907	59	136
1908	59	135
1909	59	135
1910	59	135
1911	58	135
1912	58	135
1913	58	136
1914	57	135
1915	57	135
1916	57	135
1917	56	136
1918	56	136
1919	55	136
1920	55	136
1921	55	135
1922	54	135
1923	54	135
1924	53	135
1925	53	136
1926	53	136
1927	53	136
1928	53	136
1929	52	136
1930	50	135
1931	52	135
1932	52	136
1933	52	135
1934	52	136
1935	52	136
1936	52	136
1937	53	136
1938	53	136
1939	53	136
1940	54	136
1941	54	136
1942	54	136
1943	54	136
1944	55	136
1945	55	136
1946	56	136
1947	56	136
1948	57	136
1949	57	136
1950	57	136
1951	58	136
1952	59	136
1953	59	136
1954	59	136
1955	60	136
1956	60	136
1957	61	136
1958	62	136
1959	62	136
1960	62	136
1961	63	136
1962	63	136
1963	64	136
1964	64	136
1965	65	136
1966	65	136
1967	66	136
1968	67	136
1969	67	136
1970	67	136
1971	68	136
1972	69	136
1973	70	136
1974	70	136
1975	71	136
1976	71	136
1977	72	136
1978	73	136
1979	73	136
1980	74	136
1981	74	136
1982	75	136
1983	75	136
1984	76	136
1985	76	136
1986	76	136
1987	76	136
1988	77	136
1989	77	136
1990	77	136
1991	77	136
1992	77	136
1993	77	136
1994	77	136
1995	77	136
1996	77	136
1997	76	136
1998	77	136
1999	77	136
2000	76	136
2001	76	136
2002	76	136
2003	76	136
2004	74	135
2005	76	136
2006	76	136
2007	76	136
2008	76	136
2009	76	136
2010	76	136
2011	76	136
2012	76	136
2013	76	136
2014	76	136
2015	76	136
2016	75	136
2017	76	136
2018	75	136
2019	75	136
2020	75	136
2021	75	136
2022	74	136
2023	74	136
2024	74	136
2025	73	136
2026	73	136
2027	72	136
2028	72	136
2029	71	136
2030	70	136
2031	69	136
2032	68	136
2033	67	136
2034	67	136
2035	66	136
2036	65	136
2037	64	136
2038	63	136
2039	62	136
2040	61	136
2041	60	136
2042	59	136
2043	58	136
2044	57	136
2045	57	137
2046	56	136
2047	55	136
2048	54	136
2049	53	136
2050	53	136
2051	52	136
2052	51	136
2053	50	136
2054	50	136
2055	50	136
2056	49	136
2057	48	136
2058	48	136
2059	48	136
2060	47	136
2061	47	136
2062	47	136
2063	46	136
2064	46	136
2065	46	136
2066	46	136
2067	46	136
2068	46	136
2069	46	136
2070	46	136
2071	46	136
2072	46	136
2073	46	136
2074	47	136
2075	47	136
2076	47	136
2077	47	136
2078	46	136
2079	48	136
2080	49	136
2081	49	136
2082	50	136
2083	51	136
2084	51	136
2085	52	136
2086	53	136
2087	54	136
2088	55	136
2089	56	136
2090	57	136
2091	58	136
2092	59	136
2093	59	136
2094	60	136
2095	62	136
2096	62	136
2097	64	136
2098	65	136
2099	66	136
2100	67	136
2101	68	136
2102	69	136
2103	71	137
2104	71	136
2105	73	136
2106	74	136
2107	75	136
2108	76	136
2109	77	136
2110	78	136
2111	79	136
2112	80	136
2113	81	136
2114	82	136
2115	83	136
2116	84	136
2117	85	136
2118	85	137
2119	86	136
2120	87	136
2121	88	136
2122	88	136
2123	89	136
2124	89	136
2125	90	136
2126	90	136
2127	91	136
2128	91	137
2129	91	136
2130	92	136
2131	92	136
2132	92	136
2133	92	137
2134	92	136
2135	93	136
2136	93	136
2137	93	136
2138	93	137
2139	93	136
2140	93	136
2141	93	136
2142	94	137
2143	94	136
2144	94	136
2145	94	136
2146	93	136
2147	93	136
2148	93	137
2149	93	136
2150	93	136
2151	93	137
2152	91	136
2153	92	136
2154	92	136
2155	91	136
2156	91	136
2157	91	136
2158	90	136
2159	90	136
2160	89	136
2161	89	136
2162	88	136
2163	88	136
2164	87	136
2165	87	136
2166	86	136
2167	85	136
2168	85	136
2169	85	137
2170	84	136
2171	83	136
2172	83	136
2173	83	136
2174	83	136
2175	82	137
2176	82	136
2177	82	137
2178	82	136
2179	82	136
2180	82	136
2181	82	136
2182	82	137
2183	82	136
2184	82	136
2185	82	136
2186	83	137
2187	83	136
2188	83	136
2189	83	136
2190	84	136
2191	84	136
2192	85	136
2193	85	136
2194	85	136
2195	86	137
2196	86	136
2197	86	136
2198	87	136
2199	87	137
2200	87	136
2201	88	136
2202	88	136
2203	88	136
2204	88	136
2205	88	136
2206	89	136
2207	89	136
2208	89	136
2209	89	137
2210	89	136
2211	89	137
2212	90	136
2213	90	136
2214	90	137
2215	90	137
2216	90	136
2217	90	136
2218	90	137
2219	90	136
2220	90	136
2221	90	137
2222	90	137
2223	90	136
2224	90	136
2225	90	136
2226	89	136
2227	90	137
2228	90	137
2229	90	137
2230	90	136
2231	90	136
2232	90	136
2233	89	137
2234	89	137
2235	89	137
2236	88	137
2237	88	136
2238	87	137
2239	87	137
2240	86	137
2241	86	137
2242	85	137
2243	84	136
2244	84	137
2245	83	136
2246	82	137
2247	81	137
2248	81	137
2249	80	137
2250	79	137
2251	78	137
2252	77	137
2253	76	137
2254	75	136
2255	74	137
2256	73	136
2257	73	137
2258	72	136
2259	71	137
2260	70	136
2261	69	136
2262	68	137
2263	67	136
2264	67	137
2265	66	137
2266	65	137
2267	64	136
2268	63	136
2269	63	137
2270	62	136
2271	62	137
2272	61	136
2273	61	136
2274	60	136
2275	60	137
2276	60	137
2277	59	137
2278	58	137
2279	58	136
2280	58	137
2281	57	137
2282	57	137
2283	56	137
2284	56	137
2285	56	137
2286	55	137
2287	55	137
2288	55	137
2289	54	137
2290	54	137
2291	54	137
2292	54	137
2293	54	137
2294	53	136
2295	53	137
2296	53	137
2297	53	137
2298	53	136
2299	53	137
2300	52	136
2301	54	137
2302	54	137
2303	55	137
2304	56	137
2305	56	137
2306	57	137
2307	58	137
2308	58	137
2309	59	137
2310	60	137
2311	61	137
2312	62	137
2313	63	137
2314	64	137
2315	65	137
2316	67	137
2317	68	137
2318	69	137
2319	71	137
2320	72	137
2321	73	137
2322	74	137
2323	76	137
2324	77	137
2325	79	137
2326	80	137
2327	81	137
2328	82	137
2329	83	137
2330	84	137
2331	86	137
2332	87	137
2333	88	137
2334	89	137
2335	90	137
2336	91	137
2337	92	137
2338	93	137
2339	94	137
2340	95	137
2341	96	137
2342	97	137
2343	97	137
2344	99	137
2345	99	137
2346	100	137
2347	101	137
2348	102	137
2349	103	137
2350	104	137
2351	105	137
2352	106	137
2353	106	137
2354	107	137
2355	108	137
2356	109	137
2357	110	137
2358	110	137
2359	111	137
2360	112	137
2361	112	137
2362	113	137
2363	113	137
2364	113	137
2365	114	137
2366	114	137
2367	114	137
2368	114	137
2369	114	137
2370	113	137
2371	113	137
2372	113	137
2373	112	137
2374	110	137
2375	111	137
2376	110	137
2377	109	137
2378	108	137
2379	107	137
2380	106	137
2381	105	137
2382	104	137
2383	103	137
2384	102	137
2385	101	137
2386	99	137
2387	98	137
2388	97	137
2389	97	137
2390	95	137
2391	94	137
2392	94	137
2393	92	137
2394	92	137
2395	90	137
2396	89	137
2397	89	137
2398	88	137
2399	87	137
2400	86	137
2401	85	137
2402	84	137
2403	83	137
2404	82	137
2405	82	137
2406	81	137
2407	80	137
2408	79	137
2409	78	137
2410	77	137
2411	76	137
2412	75	137
2413	74	137
2414	73	137
2415	72	137
2416	71	137
2417	70	137
2418	70	137
2419	68	137
2420	68	137
2421	67	137
2422	65	137
2423	65	137
2424	64	137
2425	63	137
2426	63	137
2427	62	137
2428	62	137
2429	61	137
2430	61	137
2431	61	137
2432	61	137
2433	61	137
2434	61	137
2435	61	137
2436	61	137
2437	61	137
2438	62	137
2439	62	137
2440	62	137
2441	63	137
2442	63	137
2443	64	137
2444	65	137
2445	65	137
2446	66	137
2447	67	137
2448	66	137
2449	68	137
2450	68	137
2451	69	137
2452	70	137
2453	70	137
2454	71	137
2455	71	137
2456	71	137
2457	72	137
2458	72	137
2459	73	137
2460	73	137
2461	73	137
2462	73	137
2463	73	137
2464	74	137
2465	74	137
2466	74	137
2467	74	137
2468	75	137
2469	75	137
2470	75	137
2471	76	137
2472	76	137
2473	77	137
2474	77	137
2475	77	137
2476	78	137
2477	79	137
2478	79	137
2479	80	137
2480	81	137
2481	81	137
2482	82	137
2483	83	137
2484	84	137
2485	84	137
2486	85	137
2487	86	137
2488	87	137
2489	87	137
2490	88	137
2491	88	137
2492	89	137
2493	90	137
2494	90	137
2495	90	137
2496	91	137
2497	91	137
2498	91	137
2499	91	137
2500	91	137
2501	91	137
2502	91	137
2503	91	137
2504	91	137
2505	90	137
2506	90	137
2507	90	137
2508	89	137
2509	89	137
2510	89	137
2511	88	137
2512	88	137
2513	87	137
2514	87	137
2515	87	137
2516	86	137
2517	86	137
2518	85	137
2519	85	137
2520	85	137
2521	85	137
2522	83	137
2523	85	137
2524	85	137
2525	85	137
2526	85	137
2527	85	137
2528	84	137
2529	85	137
2530	85	137
2531	85	137
2532	85	137
2533	85	137
2534	85	137
2535	85	137
2536	85	137
2537	85	137
2538	85	137
2539	85	137
2540	84	137
2541	84	137
2542	84	137
2543	84	137
2544	84	137
2545	83	137
2546	83	137
2547	83	137
2548	82	137
2549	82	137
2550	82	137
2551	82	137
2552	82	137
2553	82	137
2554	81	137
2555	81	137
2556	81	137
2557	81	137
2558	81	137
2559	81	137
2560	81	137
2561	82	137
2562	82	137
2563	82	137
2564	82	137
2565	83	137
2566	83	137
2567	84	137
2568	85	137
2569	85	137
2570	86	137
2571	87	137
2572	88	137
2573	89	137
2574	90	137
2575	90	137
2576	91	137
2577	92	137
2578	93	137
2579	94	137
2580	94	137
2581	95	137
2582	96	137
2583	96	137
2584	97	137
2585	97	137
2586	98	137
2587	99	137
2588	99	137
2589	100	137
2590	100	137
2591	100	137
2592	101	137
2593	102	137
2594	102	137
2595	102	137
2596	101	137
2597	103	137
2598	103	137
2599	103	137
2600	103	137
2601	104	137
2602	104	137
2603	105	137
2604	105	137
2605	105	137
2606	106	137
2607	106	137
2608	106	137
2609	107	137
2610	107	137
2611	107	137
2612	108	137
2613	108	137
2614	109	137
2615	109	137
2616	109	137
2617	109	137
2618	109	137
2619	109	137
2620	109	137
2621	109	137
2622	109	137
2623	109	137
2624	109	137
2625	109	137
2626	109	137
2627	108	137
2628	108	136
2629	107	136
2630	107	137
2631	106	137
2632	105	136
2633	105	136
2634	104	137
2635	103	137
2636	102	137
2637	102	137
2638	100	137
2639	100	137
2640	99	136
2641	98	136
2642	97	137
2643	96	137
2644	95	137
2645	94	137
2646	94	137
2647	92	136
2648	91	136
2649	91	137
2650	90	136
2651	89	137
2652	88	136
2653	87	136
2654	87	137
2655	86	136
2656	86	136
2657	85	136
2658	85	136
2659	84	137
2660	84	137
2661	83	136
2662	82	136
2663	82	136
2664	82	136
2665	82	137
2666	81	136
2667	81	136
2668	81	136
2669	81	136
2670	79	135
2671	80	136
2672	80	136
2673	79	136
2674	79	136
2675	79	136
2676	78	136
2677	78	136
2678	78	136
2679	78	136
2680	78	136
2681	78	136
2682	77	136
2683	78	136
2684	78	136
2685	77	136
2686	77	136
2687	78	136
2688	78	136
2689	78	136
2690	78	136
2691	78	136
2692	79	136
2693	79	136
2694	80	136
2695	80	136
2696	81	136
2697	81	136
2698	82	136
2699	82	136
2700	83	136
2701	84	136
2702	85	136
2703	86	136
2704	87	136
2705	88	136
2706	89	136
2707	90	136
2708	90	136
2709	91	136
2710	92	136
2711	93	136
2712	94	136
2713	94	136
2714	95	136
2715	95	136
2716	96	136
2717	97	136
2718	97	136
2719	98	136
2720	98	136
2721	99	136
2722	99	136
2723	99	136
2724	99	136
2725	100	136
2726	100	136
2727	100	136
2728	100	136
2729	100	136
2730	100	136
2731	100	136
2732	100	136
2733	100	136
2734	100	136
2735	99	136
2736	99	136
2737	99	136
2738	99	136
2739	99	136
2740	99	136
2741	98	136
2742	98	136
2743	98	136
2744	96	136
2745	97	136
2746	97	136
2747	97	136
2748	97	136
2749	96	136
2750	96	136
2751	95	136
2752	95	136
2753	94	136
2754	94	136
2755	94	136
2756	93	136
2757	93	136
2758	92	136
2759	92	136
2760	91	136
2761	90	136
2762	90	136
2763	89	136
2764	88	136
2765	88	137
2766	87	136
2767	86	136
2768	85	136
2769	84	136
2770	84	136
2771	83	136
2772	82	136
2773	81	136
2774	80	136
2775	80	136
2776	79	136
2777	78	136
2778	78	136
2779	77	136
2780	77	136
2781	76	136
2782	75	136
2783	75	136
2784	74	136
2785	74	136
2786	73	136
2787	73	136
2788	73	136
2789	73	136
2790	72	136
2791	72	136
2792	72	136
2793	72	136
2794	72	136
2795	71	136
2796	71	136
2797	71	136
2798	71	136
2799	71	136
2800	70	136
2801	70	136
2802	70	136
2803	70	136
2804	70	136
2805	70	136
2806	70	136
2807	70	136
2808	70	136
2809	70	136
2810	70	136
2811	70	136
2812	70	136
2813	70	136
2814	70	136
2815	70	136
2816	70	136
2817	71	136
2818	70	136
2819	71	136
2820	72	136
2821	72	136
2822	72	136
2823	73	136
2824	73	136
2825	74	136
2826	74	136
2827	74	136
2828	75	136
2829	76	136
2830	76	136
2831	77	136
2832	77	136
2833	77	136
2834	78	136
2835	79	136
2836	79	136
2837	80	136
2838	80	136
2839	81	136
2840	81	136
2841	81	136
2842	82	136
2843	82	136
2844	82	136
2845	82	136
2846	83	136
2847	83	136
2848	83	136
2849	83	136
2850	83	136
2851	83	136
2852	83	136
2853	84	136
2854	83	136
2855	84	136
2856	83	136
2857	83	136
2858	84	136
2859	83	136
2860	83	135
2861	83	136
2862	83	136
2863	84	136
2864	84	136
2865	83	136
2866	83	136
2867	83	136
2868	83	136
2869	83	136
2870	83	136
2871	83	136
2872	83	136
2873	83	136
2874	82	136
2875	82	136
2876	82	136
2877	82	136
2878	82	136
2879	82	136
2880	82	136
2881	82	136
2882	81	136
2883	81	136
2884	81	136
2885	80	136
2886	80	136
2887	80	136
2888	80	136
2889	79	136
2890	79	136
2891	78	136
2892	77	136
2893	78	136
2894	78	136
2895	77	136
2896	77	136
2897	77	136
2898	77	136
2899	77	136
2900	77	136
2901	77	136
2902	76	136
2903	76	136
2904	76	136
2905	76	136
2906	76	136
2907	76	136
2908	76	136
2909	76	136
2910	77	136
2911	76	136
2912	77	136
2913	77	136
2914	77	136
2915	77	136
2916	77	136
2917	77	136
2918	78	136
2919	78	136
2920	79	136
2921	79	136
2922	79	136
2923	80	136
2924	80	136
2925	80	136
2926	81	136
2927	81	135
2928	82	136
2929	82	136
2930	82	136
2931	83	136
2932	83	136
2933	84	136
2934	85	136
2935	85	136
2936	86	136
2937	86	136
2938	87	136
2939	87	136
2940	88	136
2941	88	136
2942	89	136
2943	90	136
2944	91	136
2945	91	136
2946	92	136
2947	93	136
2948	93	136
2949	94	136
2950	94	136
2951	95	135
2952	96	135
2953	96	136
2954	97	136
2955	98	136
2956	98	136
2957	99	136
2958	100	136
2959	100	136
2960	101	135
2961	101	136
2962	102	136
2963	102	136
2964	102	135
2965	103	136
2966	102	135
2967	103	135
2968	104	136
2969	104	136
2970	104	136
2971	104	136
2972	104	136
2973	104	136
2974	104	136
2975	104	136
2976	104	136
2977	103	135
2978	103	135
2979	103	135
2980	102	135
2981	102	135
2982	102	135
2983	102	136
2984	101	135
2985	100	135
2986	100	136
2987	100	135
2988	99	135
2989	99	136
2990	98	135
2991	97	135
2992	97	136
2993	97	135
2994	96	135
2995	96	135
2996	95	135
2997	95	135
2998	94	136
2999	94	135
3000	93	135
3001	93	136
3002	92	135
3003	92	135
3004	91	135
3005	90	135
3006	90	135
3007	89	135
3008	89	135
3009	88	135
3010	88	135
3011	87	135
3012	86	135
3013	86	135
3014	85	135
3015	85	135
3016	84	135
3017	84	135
3018	83	135
3019	83	135
3020	82	135
3021	82	135
3022	81	135
3023	81	135
3024	80	135
3025	80	135
3026	80	135
3027	80	135
3028	79	135
3029	79	135
3030	79	135
3031	78	135
3032	78	135
3033	78	135
3034	78	135
3035	78	135
3036	78	135
3037	78	135
3038	78	135
3039	77	135
3040	76	135
3041	78	135
3042	77	135
3043	78	135
3044	78	135
3045	78	135
3046	78	135
3047	78	135
3048	78	135
3049	78	135
3050	79	135
3051	79	135
3052	79	135
3053	79	135
3054	79	135
3055	80	135
3056	80	135
3057	80	135
3058	81	135
3059	80	135
3060	81	135
3061	81	135
3062	82	135
3063	82	135
3064	82	135
3065	82	135
3066	83	135
3067	83	135
3068	84	135
3069	84	135
3070	84	135
3071	85	135
3072	85	135
3073	85	135
3074	86	135
3075	86	135
3076	87	135
3077	87	135
3078	87	135
3079	87	135
3080	88	135
3081	88	135
3082	88	135
3083	89	135
3084	89	135
3085	89	135
3086	89	135
3087	90	135
3088	90	135
3089	90	135
3090	90	135
3091	90	135
3092	91	135
3093	91	135
3094	91	135
3095	91	135
3096	91	135
3097	91	135
3098	91	135
3099	91	135
3100	91	135
3101	91	135
3102	91	135
3103	91	135
3104	91	135
3105	91	135
3106	91	135
3107	91	135
3108	90	135
3109	90	135
3110	90	135
3111	90	135
3112	90	135
3113	89	135
3114	87	134
3115	89	135
3116	88	135
3117	88	135
3118	87	135
3119	87	135
3120	86	135
3121	86	135
3122	85	135
3123	85	135
3124	84	135
3125	83	135
3126	83	135
3127	82	135
3128	82	135
3129	81	134
3130	80	135
3131	80	135
3132	79	135
3133	79	135
3134	78	135
3135	78	135
3136	77	135
3137	77	135
3138	76	135
3139	75	135
3140	75	135
3141	74	135
3142	73	135
3143	73	135
3144	72	135
3145	72	135
3146	71	135
3147	71	135
3148	70	135
3149	70	135
3150	70	135
3151	69	135
3152	69	135
3153	68	135
3154	68	135
3155	68	135
3156	67	135
3157	67	135
3158	67	135
3159	67	135
3160	67	135
3161	66	134
3162	67	135
3163	66	135
3164	67	135
3165	66	135
3166	67	134
3167	67	135
3168	67	135
3169	67	134
3170	67	135
3171	67	135
3172	68	135
3173	68	135
3174	68	134
3175	69	135
3176	69	135
3177	70	134
3178	70	135
3179	71	135
3180	71	135
3181	72	135
3182	72	134
3183	73	135
3184	73	135
3185	74	135
3186	74	135
3187	75	135
3188	74	135
3189	77	135
3190	77	135
3191	78	135
3192	79	135
3193	79	135
3194	80	135
3195	81	135
3196	82	135
3197	82	135
3198	83	135
3199	84	135
3200	85	135
3201	86	135
3202	87	135
3203	87	135
3204	88	135
3205	89	135
3206	90	135
3207	91	135
3208	92	135
3209	92	135
3210	93	135
3211	94	135
3212	94	135
3213	95	135
3214	96	135
3215	97	135
3216	97	135
3217	97	135
3218	98	135
3219	98	135
3220	99	135
3221	99	135
3222	100	135
3223	100	135
3224	100	135
3225	101	135
3226	101	135
3227	101	135
3228	101	135
3229	101	135
3230	101	135
3231	101	135
3232	100	135
3233	100	134
3234	100	135
3235	100	135
3236	100	135
3237	99	135
3238	99	135
3239	99	135
3240	98	135
3241	98	135
3242	97	135
3243	97	135
3244	96	135
3245	96	135
3246	95	135
3247	94	135
3248	94	135
3249	93	135
3250	92	135
3251	92	135
3252	91	135
3253	91	135
3254	90	135
3255	89	135
3256	88	135
3257	87	135
3258	87	135
3259	86	135
3260	85	135
3261	85	135
3262	82	134
3263	83	135
3264	82	135
3265	82	135
3266	81	135
3267	80	135
3268	79	135
3269	79	135
3270	78	135
3271	78	135
3272	77	135
3273	76	135
3274	76	135
3275	75	135
3276	74	135
3277	74	135
3278	73	135
3279	73	135
3280	72	135
3281	72	135
3282	71	135
3283	71	135
3284	70	135
3285	70	135
3286	69	135
3287	69	135
3288	68	135
3289	68	135
3290	68	135
3291	67	135
3292	67	135
3293	67	135
3294	67	135
3295	67	135
3296	66	135
3297	67	135
3298	66	135
3299	66	135
3300	66	135
3301	66	134
3302	67	135
3303	67	135
3304	67	134
3305	67	135
3306	67	135
3307	67	135
3308	68	135
3309	68	135
3310	69	135
3311	69	135
3312	69	134
3313	70	135
3314	70	135
3315	70	135
3316	71	135
3317	71	135
3318	72	135
3319	72	135
3320	72	134
3321	73	134
3322	73	134
3323	74	135
3324	74	134
3325	74	135
3326	75	135
3327	75	134
3328	76	135
3329	76	135
3330	77	134
3331	77	135
3332	77	134
3333	77	135
3334	78	135
3335	78	135
3336	77	134
3337	79	135
3338	79	135
3339	79	134
3340	80	134
3341	80	135
3342	80	135
3343	80	135
3344	80	135
3345	80	134
3346	80	135
3347	80	135
3348	80	134
3349	81	135
3350	80	134
3351	80	135
3352	80	135
3353	80	135
3354	80	134
3355	79	135
3356	79	134
3357	79	134
3358	78	135
3359	78	135
3360	78	135
3361	78	135
3362	77	135
3363	77	135
3364	76	135
3365	75	134
3366	75	135
3367	74	135
3368	74	135
3369	73	134
3370	73	135
3371	72	134
3372	72	135
3373	71	135
3374	71	135
3375	70	134
3376	70	134
3377	69	135
3378	68	134
3379	68	134
3380	67	134
3381	67	135
3382	66	134
3383	66	135
3384	65	134
3385	65	135
3386	65	134
3387	65	134
3388	64	134
3389	64	135
3390	64	134
3391	64	135
3392	63	135
3393	64	134
3394	63	135
3395	63	134
3396	63	134
3397	63	134
3398	63	134
3399	64	134
3400	63	134
3401	63	134
3402	64	134
3403	64	134
3404	64	135
3405	65	134
3406	65	134
3407	65	135
3408	65	135
3409	66	134
3410	65	134
3411	66	134
3412	67	134
3413	67	134
3414	68	135
3415	68	135
3416	69	134
3417	69	135
3418	70	134
3419	70	134
3420	70	134
3421	71	134
3422	71	134
3423	72	134
3424	72	134
3425	73	134
3426	73	134
3427	74	134
3428	74	134
3429	74	134
3430	75	134
3431	75	134
3432	76	134
3433	76	134
3434	77	134
3435	77	134
3436	77	134
3437	78	134
3438	78	134
3439	78	134
3440	79	134
3441	79	134
3442	79	134
3443	79	134
3444	80	134
3445	80	134
3446	81	134
3447	81	134
3448	81	134
3449	81	134
3450	82	134
3451	82	134
3452	82	134
3453	82	134
3454	82	134
3455	82	134
3456	82	134
3457	82	134
3458	82	134
3459	82	134
3460	82	134
3461	82	134
3462	82	134
3463	82	134
3464	82	134
3465	81	134
3466	81	134
3467	81	134
3468	81	134
3469	80	134
3470	80	134
3471	79	134
3472	79	134
3473	79	134
3474	78	134
3475	78	134
3476	77	134
3477	77	134
3478	76	134
3479	76	134
3480	75	134
3481	75	134
3482	74	134
3483	74	134
3484	72	134
3485	73	134
3486	72	134
3487	72	135
3488	71	134
3489	71	134
3490	70	135
3491	70	134
3492	69	134
3493	69	134
3494	69	134
3495	68	134
3496	68	134
3497	67	134
3498	67	134
3499	67	134
3500	66	134
3501	66	134
3502	66	134
3503	66	134
3504	65	134
3505	65	134
3506	65	134
3507	65	134
3508	65	134
3509	65	134
3510	64	134
3511	64	134
3512	64	134
3513	64	134
3514	64	134
3515	64	134
3516	64	134
3517	63	134
3518	63	134
3519	64	134
3520	63	134
3521	63	134
3522	63	134
3523	64	134
3524	64	135
3525	64	134
3526	64	134
3527	64	134
3528	64	134
3529	64	134
3530	64	134
3531	65	134
3532	65	134
3533	65	134
3534	65	134
3535	66	134
3536	66	134
3537	66	134
3538	67	134
3539	67	134
3540	67	134
3541	68	134
3542	68	134
3543	69	134
3544	69	134
3545	70	134
3546	70	134
3547	71	134
3548	71	134
3549	71	134
3550	72	135
3551	72	134
3552	72	134
3553	73	134
3554	73	134
3555	73	135
3556	74	134
3557	74	134
3558	73	134
3559	75	134
3560	75	134
3561	75	134
3562	76	134
3563	76	134
3564	76	134
3565	76	134
3566	76	134
3567	77	135
3568	77	134
3569	77	135
3570	77	134
3571	77	134
3572	77	134
3573	77	134
3574	77	135
3575	77	135
3576	77	135
3577	77	135
3578	77	134
3579	77	134
3580	77	135
3581	77	134
3582	77	134
3583	77	135
3584	77	134
3585	77	134
3586	77	134
3587	77	134
3588	77	134
3589	77	134
3590	77	134
3591	77	135
3592	77	134
3593	77	134
3594	77	134
3595	77	135
3596	77	135
3597	77	135
3598	77	134
3599	77	135
3600	77	135
3601	77	134
3602	77	135
3603	77	135
3604	77	135
3605	77	134
3606	77	135
3607	77	135
3608	77	134
3609	77	135
3610	77	135
3611	77	135
3612	77	134
3613	77	135
3614	77	134
3615	77	135
3616	78	135
3617	77	135
3618	78	135
3619	78	135
3620	78	135
3621	78	135
3622	78	134
3623	79	135
3624	79	135
3625	79	135
3626	79	135
3627	79	135
3628	80	135
3629	80	135
3630	80	135
3631	80	135
3632	79	135
3633	81	135
3634	81	135
3635	82	135
3636	82	135
3637	82	135
3638	82	135
3639	82	135
3640	83	135
3641	83	135
3642	83	135
3643	84	135
3644	84	135
3645	84	135
3646	84	135
3647	85	135
3648	85	135
3649	85	135
3650	85	135
3651	85	135
3652	86	135
3653	86	135
3654	86	135
3655	86	135
3656	86	135
3657	86	135
3658	86	135
3659	87	135
3660	87	135
3661	87	135
3662	87	135
3663	87	135
3664	87	135
3665	87	135
3666	87	135
3667	87	135
3668	87	135
3669	87	135
3670	87	135
3671	87	136
3672	87	135
3673	87	135
3674	87	136
3675	87	136
3676	87	136
3677	87	136
3678	87	136
3679	86	136
3680	86	136
3681	86	136
3682	86	136
3683	86	136
3684	86	136
3685	85	137
3686	85	137
3687	85	137
3688	85	137
3689	85	137
3690	85	137
3691	85	137
3692	84	137
3693	84	138
3694	84	138
3695	83	138
3696	83	138
3697	83	139
3698	83	139
3699	83	140
3700	83	140
3701	82	141
3702	82	141
3703	82	141
3704	82	142
3705	82	143
3706	80	143
3707	81	144
3708	81	145
3709	81	146
3710	81	146
3711	81	147
3712	80	148
3713	80	149
3714	80	150
3715	80	151
3716	79	152
3717	79	153
3718	79	154
3719	79	155
3720	79	157
3721	79	158
3722	78	159
3723	78	160
3724	78	161
3725	78	162
3726	78	163
3727	78	165
3728	77	166
3729	77	167
3730	77	169
3731	77	170
3732	77	171
3733	77	173
3734	77	174
3735	77	175
3736	77	177
3737	77	178
3738	77	179
3739	76	181
3740	76	182
3741	76	183
3742	76	184
3743	76	186
3744	76	186
3745	75	188
3746	75	189
3747	76	190
3748	75	191
3749	75	192
3750	74	193
3751	74	193
3752	74	194
3753	74	195
3754	74	196
3755	74	196
3756	73	197
3757	73	198
3758	73	198
3759	73	199
3760	72	199
3761	72	199
3762	72	199
3763	72	199
3764	72	199
3765	71	199
3766	71	199
3767	71	199
3768	71	199
3769	71	198
3770	70	198
3771	70	197
3772	70	197
3773	70	195
3774	70	195
3775	70	194
3776	70	193
3777	70	192
3778	70	191
3779	70	191
3780	68	189
3781	70	188
3782	70	186
3783	70	185
3784	70	184
3785	70	182
3786	70	181
3787	70	179
3788	70	178
3789	70	176
3790	70	174
3791	70	173
3792	70	171
3793	70	170
3794	70	168
3795	70	167
3796	70	165
3797	70	163
3798	70	161
3799	71	160
3800	71	158
3801	71	157
3802	71	155
3803	71	153
3804	71	152
3805	71	150
3806	71	148
3807	71	146
3808	71	145
3809	71	143
3810	71	142
3811	71	140
3812	71	139
3813	71	137
3814	71	136
3815	71	134
3816	71	133
3817	71	132
3818	71	131
3819	71	129
3820	71	128
3821	70	127
3822	70	127
3823	70	126
3824	70	125
3825	70	124
3826	70	124
3827	69	123
3828	69	122
3829	69	122
3830	69	122
3831	68	122
3832	68	122
3833	67	121
3834	67	121
3835	67	121
3836	67	121
3837	66	121
3838	65	122
3839	65	122
3840	65	122
3841	65	123
3842	65	123
3843	64	124
3844	64	125
3845	64	125
3846	63	126
3847	63	127
3848	63	128
3849	63	129
3850	62	129
3851	62	130
3852	62	131
3853	62	132
3854	60	133
3855	61	135
3856	61	136
3857	61	137
3858	61	137
3859	61	139
3860	61	140
3861	61	141
3862	62	142
3863	61	143
3864	62	144
3865	62	145
3866	62	146
3867	62	147
3868	62	148
3869	63	149
3870	63	150
3871	63	150
3872	64	151
3873	64	152
3874	65	152
3875	65	153
3876	65	154
3877	66	154
3878	67	155
3879	67	156
3880	67	156
3881	68	157
3882	69	157
3883	69	157
3884	70	158
3885	70	158
3886	71	158
3887	71	159
3888	71	159
3889	72	159
3890	72	159
3891	73	159
3892	73	160
3893	74	160
3894	74	159
3895	75	160
3896	75	160
3897	75	160
3898	76	160
3899	77	159
3900	77	159
3901	77	159
3902	78	159
3903	78	159
3904	78	159
3905	79	158
3906	79	158
3907	79	157
3908	80	157
3909	80	157
3910	81	156
3911	81	156
3912	81	155
3913	81	155
3914	81	154
3915	82	154
3916	82	154
3917	82	153
3918	82	152
3919	82	151
3920	82	151
3921	82	151
3922	82	150
3923	82	149
3924	81	149
3925	82	149
3926	81	148
3927	81	148
3928	79	146
3929	81	147
3930	80	146
3931	80	146
3932	80	145
3933	79	145
3934	79	145
3935	79	144
3936	78	144
3937	78	144
3938	77	143
3939	77	143
3940	77	143
3941	76	142
3942	76	142
3943	75	142
3944	75	142
3945	75	141
3946	74	141
3947	74	141
3948	73	140
3949	73	140
3950	72	140
3951	72	140
3952	71	139
3953	71	139
3954	71	139
3955	70	139
3956	70	138
3957	69	138
3958	69	137
3959	69	137
3960	68	137
3961	67	137
3962	67	136
3963	67	136
3964	67	135
3965	66	135
3966	66	135
3967	66	134
3968	66	134
3969	65	134
3970	65	133
3971	65	133
3972	65	133
3973	65	132
3974	65	132
3975	65	131
3976	65	131
3977	65	131
3978	65	131
3979	65	130
3980	65	130
3981	65	130
3982	65	129
3983	65	129
3984	65	129
3985	66	129
3986	66	128
3987	66	128
3988	66	127
3989	66	127
3990	66	127
3991	66	127
3992	66	126
3993	66	126
3994	67	126
3995	67	125
3996	67	125
3997	67	125
3998	67	125
3999	67	124
4000	68	123
4001	67	123
4002	66	122
4003	68	122
4004	68	122
4005	68	121
4006	68	121
4007	68	120
4008	68	120
4009	68	119
4010	69	119
4011	69	119
4012	69	118
4013	69	118
4014	69	117
4015	69	117
4016	69	116
4017	69	116
4018	70	116
4019	70	115
4020	70	115
4021	70	115
4022	70	115
4023	70	114
4024	70	114
4025	70	114
4026	70	113
4027	71	113
4028	71	113
4029	71	113
4030	71	112
4031	71	112
4032	71	112
4033	71	112
4034	71	112
4035	71	112
4036	71	111
4037	71	112
4038	72	112
4039	71	111
4040	71	111
4041	72	112
4042	72	112
4043	72	112
4044	72	112
4045	72	112
4046	72	112
4047	72	112
4048	72	112
4049	72	113
4050	72	113
4051	72	113
4052	72	114
4053	72	114
4054	72	114
4055	73	115
4056	73	115
4057	73	116
4058	73	116
4059	73	117
4060	73	117
4061	73	118
4062	73	118
4063	73	119
4064	74	120
4065	74	120
4066	74	120
4067	74	121
4068	74	122
4069	75	122
4070	74	123
4071	75	123
4072	75	124
4073	75	125
4074	75	125
4075	75	125
4076	74	126
4077	76	126
4078	76	127
4079	76	127
4080	77	128
4081	76	128
4082	77	129
4083	77	129
4084	77	129
4085	77	129
4086	77	130
4087	77	130
4088	78	130
4089	78	130
4090	78	131
4091	78	131
4092	78	131
4093	79	131
4094	79	131
4095	79	137
